{
 "cells": [
  {
   "cell_type": "markdown",
   "metadata": {},
   "source": [
    "### Table of Contents:\n",
    "* [1. Feature selection and improve accuracy of data mining results ](#1)\n",
    "* &emsp;[1.1. Importing Libraries](#11)\n",
    "* &emsp;[1.2. Converting categorical data to numerical](#12)\n",
    "* &emsp;[1.3. Correlation Matrix](#13)\n",
    "* &emsp;[1.4. Heat-Map of correlation Matrix](#14)\n",
    "* &emsp;[1.5. Relevant attributes to improve the accuracy of data mining results](#15)"
   ]
  },
  {
   "cell_type": "markdown",
   "metadata": {},
   "source": [
    "# 1. Feature selection and improve accuracy of data mining results <a class=\"anchor\" id=\"1\"></a>"
   ]
  },
  {
   "cell_type": "markdown",
   "metadata": {},
   "source": [
    "Select relevant attributes from your dataset to improve the accuracy of data mining results. "
   ]
  },
  {
   "cell_type": "markdown",
   "metadata": {},
   "source": [
    "## 1.1. Importing Libraries <a class=\"anchor\" id=\"11\"></a>"
   ]
  },
  {
   "cell_type": "code",
   "execution_count": 1,
   "metadata": {},
   "outputs": [],
   "source": [
    "import pandas as pd \n",
    "import numpy as np  \n",
    "import seaborn as sns\n",
    "import matplotlib.pyplot as plt"
   ]
  },
  {
   "cell_type": "markdown",
   "metadata": {},
   "source": [
    "## 1.2. Converting categorical data to numerical <a class=\"anchor\" id=\"12\"></a>"
   ]
  },
  {
   "cell_type": "code",
   "execution_count": 2,
   "metadata": {},
   "outputs": [],
   "source": [
    "df = pd.read_csv('data/training_data.csv')"
   ]
  },
  {
   "cell_type": "code",
   "execution_count": 3,
   "metadata": {},
   "outputs": [],
   "source": [
    "categorical_features = ['company','country','director','genre','released','year',\n",
    "                        'writer','original_title','tagline','title','genres_edited','production_countries_edited',]\n",
    "continuous_features = ['budget','runtime','votes','popularity']\n",
    "normalized_features = [e+'_norm' for e in continuous_features]\n",
    "target_features = ['isprofit','profitability_ratio']\n",
    "all_features = categorical_features + continuous_features + normalized_features + target_features"
   ]
  },
  {
   "cell_type": "code",
   "execution_count": 5,
   "metadata": {},
   "outputs": [],
   "source": [
    "df['company']=df['company'].astype('category').cat.codes\n",
    "df['country']=df['country'].astype('category').cat.codes\n",
    "df['director']=df['director'].astype('category').cat.codes\n",
    "df['genre']=df['genre'].astype('category').cat.codes\n",
    "#df['rating']=df['rating'].astype('category').cat.codes\n",
    "#df['star']=df['star'].astype('category').cat.codes\n",
    "df['writer']=df['writer'].astype('category').cat.codes"
   ]
  },
  {
   "cell_type": "markdown",
   "metadata": {},
   "source": [
    "## 1.3. Correlation Matrix <a class=\"anchor\" id=\"13\"></a>"
   ]
  },
  {
   "cell_type": "code",
   "execution_count": 6,
   "metadata": {},
   "outputs": [],
   "source": [
    "corr_df=df[all_features].corr()"
   ]
  },
  {
   "cell_type": "code",
   "execution_count": 7,
   "metadata": {},
   "outputs": [
    {
     "data": {
      "text/html": [
       "<div>\n",
       "<style scoped>\n",
       "    .dataframe tbody tr th:only-of-type {\n",
       "        vertical-align: middle;\n",
       "    }\n",
       "\n",
       "    .dataframe tbody tr th {\n",
       "        vertical-align: top;\n",
       "    }\n",
       "\n",
       "    .dataframe thead th {\n",
       "        text-align: right;\n",
       "    }\n",
       "</style>\n",
       "<table border=\"1\" class=\"dataframe\">\n",
       "  <thead>\n",
       "    <tr style=\"text-align: right;\">\n",
       "      <th></th>\n",
       "      <th>company</th>\n",
       "      <th>country</th>\n",
       "      <th>director</th>\n",
       "      <th>genre</th>\n",
       "      <th>year</th>\n",
       "      <th>writer</th>\n",
       "      <th>budget</th>\n",
       "      <th>runtime</th>\n",
       "      <th>votes</th>\n",
       "      <th>popularity</th>\n",
       "      <th>budget_norm</th>\n",
       "      <th>runtime_norm</th>\n",
       "      <th>votes_norm</th>\n",
       "      <th>popularity_norm</th>\n",
       "      <th>isprofit</th>\n",
       "      <th>profitability_ratio</th>\n",
       "    </tr>\n",
       "  </thead>\n",
       "  <tbody>\n",
       "    <tr>\n",
       "      <th>company</th>\n",
       "      <td>1.000000</td>\n",
       "      <td>-0.009867</td>\n",
       "      <td>0.006895</td>\n",
       "      <td>-0.075781</td>\n",
       "      <td>-0.023966</td>\n",
       "      <td>0.009364</td>\n",
       "      <td>0.090862</td>\n",
       "      <td>0.006013</td>\n",
       "      <td>0.009733</td>\n",
       "      <td>0.047951</td>\n",
       "      <td>0.090862</td>\n",
       "      <td>0.006013</td>\n",
       "      <td>0.009733</td>\n",
       "      <td>0.047951</td>\n",
       "      <td>0.015977</td>\n",
       "      <td>0.017564</td>\n",
       "    </tr>\n",
       "    <tr>\n",
       "      <th>country</th>\n",
       "      <td>-0.009867</td>\n",
       "      <td>1.000000</td>\n",
       "      <td>0.020983</td>\n",
       "      <td>-0.005500</td>\n",
       "      <td>-0.076603</td>\n",
       "      <td>-0.017457</td>\n",
       "      <td>0.059658</td>\n",
       "      <td>-0.055972</td>\n",
       "      <td>0.007854</td>\n",
       "      <td>0.007070</td>\n",
       "      <td>0.059658</td>\n",
       "      <td>-0.055972</td>\n",
       "      <td>0.007854</td>\n",
       "      <td>0.007070</td>\n",
       "      <td>0.132153</td>\n",
       "      <td>0.157624</td>\n",
       "    </tr>\n",
       "    <tr>\n",
       "      <th>director</th>\n",
       "      <td>0.006895</td>\n",
       "      <td>0.020983</td>\n",
       "      <td>1.000000</td>\n",
       "      <td>0.060571</td>\n",
       "      <td>-0.001463</td>\n",
       "      <td>0.122272</td>\n",
       "      <td>-0.001560</td>\n",
       "      <td>0.065903</td>\n",
       "      <td>0.060033</td>\n",
       "      <td>0.040494</td>\n",
       "      <td>-0.001560</td>\n",
       "      <td>0.065903</td>\n",
       "      <td>0.060033</td>\n",
       "      <td>0.040494</td>\n",
       "      <td>-0.013569</td>\n",
       "      <td>0.016749</td>\n",
       "    </tr>\n",
       "    <tr>\n",
       "      <th>genre</th>\n",
       "      <td>-0.075781</td>\n",
       "      <td>-0.005500</td>\n",
       "      <td>0.060571</td>\n",
       "      <td>1.000000</td>\n",
       "      <td>0.026985</td>\n",
       "      <td>0.004984</td>\n",
       "      <td>-0.279989</td>\n",
       "      <td>0.031992</td>\n",
       "      <td>-0.104438</td>\n",
       "      <td>-0.136834</td>\n",
       "      <td>-0.279989</td>\n",
       "      <td>0.031992</td>\n",
       "      <td>-0.104438</td>\n",
       "      <td>-0.136834</td>\n",
       "      <td>0.029456</td>\n",
       "      <td>0.048699</td>\n",
       "    </tr>\n",
       "    <tr>\n",
       "      <th>year</th>\n",
       "      <td>-0.023966</td>\n",
       "      <td>-0.076603</td>\n",
       "      <td>-0.001463</td>\n",
       "      <td>0.026985</td>\n",
       "      <td>1.000000</td>\n",
       "      <td>-0.005757</td>\n",
       "      <td>0.235715</td>\n",
       "      <td>-0.010598</td>\n",
       "      <td>0.303022</td>\n",
       "      <td>0.217263</td>\n",
       "      <td>0.235715</td>\n",
       "      <td>-0.010598</td>\n",
       "      <td>0.303022</td>\n",
       "      <td>0.217263</td>\n",
       "      <td>-0.048307</td>\n",
       "      <td>-0.112542</td>\n",
       "    </tr>\n",
       "    <tr>\n",
       "      <th>writer</th>\n",
       "      <td>0.009364</td>\n",
       "      <td>-0.017457</td>\n",
       "      <td>0.122272</td>\n",
       "      <td>0.004984</td>\n",
       "      <td>-0.005757</td>\n",
       "      <td>1.000000</td>\n",
       "      <td>-0.035539</td>\n",
       "      <td>-0.006226</td>\n",
       "      <td>0.002678</td>\n",
       "      <td>-0.014209</td>\n",
       "      <td>-0.035539</td>\n",
       "      <td>-0.006226</td>\n",
       "      <td>0.002678</td>\n",
       "      <td>-0.014209</td>\n",
       "      <td>-0.005641</td>\n",
       "      <td>0.031581</td>\n",
       "    </tr>\n",
       "    <tr>\n",
       "      <th>budget</th>\n",
       "      <td>0.090862</td>\n",
       "      <td>0.059658</td>\n",
       "      <td>-0.001560</td>\n",
       "      <td>-0.279989</td>\n",
       "      <td>0.235715</td>\n",
       "      <td>-0.035539</td>\n",
       "      <td>1.000000</td>\n",
       "      <td>0.256446</td>\n",
       "      <td>0.380841</td>\n",
       "      <td>0.341254</td>\n",
       "      <td>1.000000</td>\n",
       "      <td>0.256446</td>\n",
       "      <td>0.380841</td>\n",
       "      <td>0.341254</td>\n",
       "      <td>-0.072391</td>\n",
       "      <td>-0.134602</td>\n",
       "    </tr>\n",
       "    <tr>\n",
       "      <th>runtime</th>\n",
       "      <td>0.006013</td>\n",
       "      <td>-0.055972</td>\n",
       "      <td>0.065903</td>\n",
       "      <td>0.031992</td>\n",
       "      <td>-0.010598</td>\n",
       "      <td>-0.006226</td>\n",
       "      <td>0.256446</td>\n",
       "      <td>1.000000</td>\n",
       "      <td>0.214776</td>\n",
       "      <td>0.130715</td>\n",
       "      <td>0.256446</td>\n",
       "      <td>1.000000</td>\n",
       "      <td>0.214776</td>\n",
       "      <td>0.130715</td>\n",
       "      <td>-0.031915</td>\n",
       "      <td>-0.039720</td>\n",
       "    </tr>\n",
       "    <tr>\n",
       "      <th>votes</th>\n",
       "      <td>0.009733</td>\n",
       "      <td>0.007854</td>\n",
       "      <td>0.060033</td>\n",
       "      <td>-0.104438</td>\n",
       "      <td>0.303022</td>\n",
       "      <td>0.002678</td>\n",
       "      <td>0.380841</td>\n",
       "      <td>0.214776</td>\n",
       "      <td>1.000000</td>\n",
       "      <td>0.508494</td>\n",
       "      <td>0.380841</td>\n",
       "      <td>0.214776</td>\n",
       "      <td>1.000000</td>\n",
       "      <td>0.508494</td>\n",
       "      <td>0.283544</td>\n",
       "      <td>0.270237</td>\n",
       "    </tr>\n",
       "    <tr>\n",
       "      <th>popularity</th>\n",
       "      <td>0.047951</td>\n",
       "      <td>0.007070</td>\n",
       "      <td>0.040494</td>\n",
       "      <td>-0.136834</td>\n",
       "      <td>0.217263</td>\n",
       "      <td>-0.014209</td>\n",
       "      <td>0.341254</td>\n",
       "      <td>0.130715</td>\n",
       "      <td>0.508494</td>\n",
       "      <td>1.000000</td>\n",
       "      <td>0.341254</td>\n",
       "      <td>0.130715</td>\n",
       "      <td>0.508494</td>\n",
       "      <td>1.000000</td>\n",
       "      <td>0.183573</td>\n",
       "      <td>0.178680</td>\n",
       "    </tr>\n",
       "    <tr>\n",
       "      <th>budget_norm</th>\n",
       "      <td>0.090862</td>\n",
       "      <td>0.059658</td>\n",
       "      <td>-0.001560</td>\n",
       "      <td>-0.279989</td>\n",
       "      <td>0.235715</td>\n",
       "      <td>-0.035539</td>\n",
       "      <td>1.000000</td>\n",
       "      <td>0.256446</td>\n",
       "      <td>0.380841</td>\n",
       "      <td>0.341254</td>\n",
       "      <td>1.000000</td>\n",
       "      <td>0.256446</td>\n",
       "      <td>0.380841</td>\n",
       "      <td>0.341254</td>\n",
       "      <td>-0.072391</td>\n",
       "      <td>-0.134602</td>\n",
       "    </tr>\n",
       "    <tr>\n",
       "      <th>runtime_norm</th>\n",
       "      <td>0.006013</td>\n",
       "      <td>-0.055972</td>\n",
       "      <td>0.065903</td>\n",
       "      <td>0.031992</td>\n",
       "      <td>-0.010598</td>\n",
       "      <td>-0.006226</td>\n",
       "      <td>0.256446</td>\n",
       "      <td>1.000000</td>\n",
       "      <td>0.214776</td>\n",
       "      <td>0.130715</td>\n",
       "      <td>0.256446</td>\n",
       "      <td>1.000000</td>\n",
       "      <td>0.214776</td>\n",
       "      <td>0.130715</td>\n",
       "      <td>-0.031915</td>\n",
       "      <td>-0.039720</td>\n",
       "    </tr>\n",
       "    <tr>\n",
       "      <th>votes_norm</th>\n",
       "      <td>0.009733</td>\n",
       "      <td>0.007854</td>\n",
       "      <td>0.060033</td>\n",
       "      <td>-0.104438</td>\n",
       "      <td>0.303022</td>\n",
       "      <td>0.002678</td>\n",
       "      <td>0.380841</td>\n",
       "      <td>0.214776</td>\n",
       "      <td>1.000000</td>\n",
       "      <td>0.508494</td>\n",
       "      <td>0.380841</td>\n",
       "      <td>0.214776</td>\n",
       "      <td>1.000000</td>\n",
       "      <td>0.508494</td>\n",
       "      <td>0.283544</td>\n",
       "      <td>0.270237</td>\n",
       "    </tr>\n",
       "    <tr>\n",
       "      <th>popularity_norm</th>\n",
       "      <td>0.047951</td>\n",
       "      <td>0.007070</td>\n",
       "      <td>0.040494</td>\n",
       "      <td>-0.136834</td>\n",
       "      <td>0.217263</td>\n",
       "      <td>-0.014209</td>\n",
       "      <td>0.341254</td>\n",
       "      <td>0.130715</td>\n",
       "      <td>0.508494</td>\n",
       "      <td>1.000000</td>\n",
       "      <td>0.341254</td>\n",
       "      <td>0.130715</td>\n",
       "      <td>0.508494</td>\n",
       "      <td>1.000000</td>\n",
       "      <td>0.183573</td>\n",
       "      <td>0.178680</td>\n",
       "    </tr>\n",
       "    <tr>\n",
       "      <th>isprofit</th>\n",
       "      <td>0.015977</td>\n",
       "      <td>0.132153</td>\n",
       "      <td>-0.013569</td>\n",
       "      <td>0.029456</td>\n",
       "      <td>-0.048307</td>\n",
       "      <td>-0.005641</td>\n",
       "      <td>-0.072391</td>\n",
       "      <td>-0.031915</td>\n",
       "      <td>0.283544</td>\n",
       "      <td>0.183573</td>\n",
       "      <td>-0.072391</td>\n",
       "      <td>-0.031915</td>\n",
       "      <td>0.283544</td>\n",
       "      <td>0.183573</td>\n",
       "      <td>1.000000</td>\n",
       "      <td>0.777001</td>\n",
       "    </tr>\n",
       "    <tr>\n",
       "      <th>profitability_ratio</th>\n",
       "      <td>0.017564</td>\n",
       "      <td>0.157624</td>\n",
       "      <td>0.016749</td>\n",
       "      <td>0.048699</td>\n",
       "      <td>-0.112542</td>\n",
       "      <td>0.031581</td>\n",
       "      <td>-0.134602</td>\n",
       "      <td>-0.039720</td>\n",
       "      <td>0.270237</td>\n",
       "      <td>0.178680</td>\n",
       "      <td>-0.134602</td>\n",
       "      <td>-0.039720</td>\n",
       "      <td>0.270237</td>\n",
       "      <td>0.178680</td>\n",
       "      <td>0.777001</td>\n",
       "      <td>1.000000</td>\n",
       "    </tr>\n",
       "  </tbody>\n",
       "</table>\n",
       "</div>"
      ],
      "text/plain": [
       "                      company   country  director     genre      year  \\\n",
       "company              1.000000 -0.009867  0.006895 -0.075781 -0.023966   \n",
       "country             -0.009867  1.000000  0.020983 -0.005500 -0.076603   \n",
       "director             0.006895  0.020983  1.000000  0.060571 -0.001463   \n",
       "genre               -0.075781 -0.005500  0.060571  1.000000  0.026985   \n",
       "year                -0.023966 -0.076603 -0.001463  0.026985  1.000000   \n",
       "writer               0.009364 -0.017457  0.122272  0.004984 -0.005757   \n",
       "budget               0.090862  0.059658 -0.001560 -0.279989  0.235715   \n",
       "runtime              0.006013 -0.055972  0.065903  0.031992 -0.010598   \n",
       "votes                0.009733  0.007854  0.060033 -0.104438  0.303022   \n",
       "popularity           0.047951  0.007070  0.040494 -0.136834  0.217263   \n",
       "budget_norm          0.090862  0.059658 -0.001560 -0.279989  0.235715   \n",
       "runtime_norm         0.006013 -0.055972  0.065903  0.031992 -0.010598   \n",
       "votes_norm           0.009733  0.007854  0.060033 -0.104438  0.303022   \n",
       "popularity_norm      0.047951  0.007070  0.040494 -0.136834  0.217263   \n",
       "isprofit             0.015977  0.132153 -0.013569  0.029456 -0.048307   \n",
       "profitability_ratio  0.017564  0.157624  0.016749  0.048699 -0.112542   \n",
       "\n",
       "                       writer    budget   runtime     votes  popularity  \\\n",
       "company              0.009364  0.090862  0.006013  0.009733    0.047951   \n",
       "country             -0.017457  0.059658 -0.055972  0.007854    0.007070   \n",
       "director             0.122272 -0.001560  0.065903  0.060033    0.040494   \n",
       "genre                0.004984 -0.279989  0.031992 -0.104438   -0.136834   \n",
       "year                -0.005757  0.235715 -0.010598  0.303022    0.217263   \n",
       "writer               1.000000 -0.035539 -0.006226  0.002678   -0.014209   \n",
       "budget              -0.035539  1.000000  0.256446  0.380841    0.341254   \n",
       "runtime             -0.006226  0.256446  1.000000  0.214776    0.130715   \n",
       "votes                0.002678  0.380841  0.214776  1.000000    0.508494   \n",
       "popularity          -0.014209  0.341254  0.130715  0.508494    1.000000   \n",
       "budget_norm         -0.035539  1.000000  0.256446  0.380841    0.341254   \n",
       "runtime_norm        -0.006226  0.256446  1.000000  0.214776    0.130715   \n",
       "votes_norm           0.002678  0.380841  0.214776  1.000000    0.508494   \n",
       "popularity_norm     -0.014209  0.341254  0.130715  0.508494    1.000000   \n",
       "isprofit            -0.005641 -0.072391 -0.031915  0.283544    0.183573   \n",
       "profitability_ratio  0.031581 -0.134602 -0.039720  0.270237    0.178680   \n",
       "\n",
       "                     budget_norm  runtime_norm  votes_norm  popularity_norm  \\\n",
       "company                 0.090862      0.006013    0.009733         0.047951   \n",
       "country                 0.059658     -0.055972    0.007854         0.007070   \n",
       "director               -0.001560      0.065903    0.060033         0.040494   \n",
       "genre                  -0.279989      0.031992   -0.104438        -0.136834   \n",
       "year                    0.235715     -0.010598    0.303022         0.217263   \n",
       "writer                 -0.035539     -0.006226    0.002678        -0.014209   \n",
       "budget                  1.000000      0.256446    0.380841         0.341254   \n",
       "runtime                 0.256446      1.000000    0.214776         0.130715   \n",
       "votes                   0.380841      0.214776    1.000000         0.508494   \n",
       "popularity              0.341254      0.130715    0.508494         1.000000   \n",
       "budget_norm             1.000000      0.256446    0.380841         0.341254   \n",
       "runtime_norm            0.256446      1.000000    0.214776         0.130715   \n",
       "votes_norm              0.380841      0.214776    1.000000         0.508494   \n",
       "popularity_norm         0.341254      0.130715    0.508494         1.000000   \n",
       "isprofit               -0.072391     -0.031915    0.283544         0.183573   \n",
       "profitability_ratio    -0.134602     -0.039720    0.270237         0.178680   \n",
       "\n",
       "                     isprofit  profitability_ratio  \n",
       "company              0.015977             0.017564  \n",
       "country              0.132153             0.157624  \n",
       "director            -0.013569             0.016749  \n",
       "genre                0.029456             0.048699  \n",
       "year                -0.048307            -0.112542  \n",
       "writer              -0.005641             0.031581  \n",
       "budget              -0.072391            -0.134602  \n",
       "runtime             -0.031915            -0.039720  \n",
       "votes                0.283544             0.270237  \n",
       "popularity           0.183573             0.178680  \n",
       "budget_norm         -0.072391            -0.134602  \n",
       "runtime_norm        -0.031915            -0.039720  \n",
       "votes_norm           0.283544             0.270237  \n",
       "popularity_norm      0.183573             0.178680  \n",
       "isprofit             1.000000             0.777001  \n",
       "profitability_ratio  0.777001             1.000000  "
      ]
     },
     "execution_count": 7,
     "metadata": {},
     "output_type": "execute_result"
    }
   ],
   "source": [
    "corr_df"
   ]
  },
  {
   "cell_type": "markdown",
   "metadata": {},
   "source": [
    "## 1.4. Heat-Map of correlation Matrix <a class=\"anchor\" id=\"14\"></a>"
   ]
  },
  {
   "cell_type": "code",
   "execution_count": 8,
   "metadata": {},
   "outputs": [
    {
     "data": {
