{
 "cells": [
  {
   "cell_type": "markdown",
   "metadata": {},
   "source": [
    "### Table of Contents:\n",
    "* [1. Feature selection and improve accuracy of data mining results ](#1)\n",
    "* &emsp;[1.1. Importing Libraries](#11)\n",
    "* &emsp;[1.2. Converting categorical data to numerical](#12)\n",
    "* &emsp;[1.3. Correlation Matrix](#13)\n",
    "* &emsp;[1.4. Heat-Map of correlation Matrix](#14)\n",
    "* &emsp;[1.5. Relevant attributes to improve the accuracy of data mining results](#15)"
   ]
  },
  {
   "cell_type": "markdown",
   "metadata": {},
   "source": [
    "# 1. Feature selection and improve accuracy of data mining results <a class=\"anchor\" id=\"1\"></a>"
   ]
  },
  {
   "cell_type": "markdown",
   "metadata": {},
   "source": [
    "Select relevant attributes from your dataset to improve the accuracy of data mining results. "
   ]
  },
  {
   "cell_type": "markdown",
   "metadata": {},
   "source": [
    "## 1.1. Importing Libraries <a class=\"anchor\" id=\"11\"></a>"
   ]
  },
  {
   "cell_type": "code",
   "execution_count": 1,
   "metadata": {},
   "outputs": [],
   "source": [
    "import pandas as pd \n",
    "import numpy as np  \n",
    "import seaborn as sns\n",
    "import matplotlib.pyplot as plt"
   ]
  },
  {
   "cell_type": "markdown",
   "metadata": {},
   "source": [
    "## 1.2. Converting categorical data to numerical <a class=\"anchor\" id=\"12\"></a>"
   ]
  },
  {
   "cell_type": "code",
   "execution_count": 2,
   "metadata": {},
   "outputs": [],
   "source": [
    "df = pd.read_csv('data/training_data.csv')"
   ]
  },
  {
   "cell_type": "code",
   "execution_count": 3,
   "metadata": {},
   "outputs": [],
   "source": [
    "categorical_features = ['company','country','director','genre','rating','released','star','year',\n",
    "                        'writer','original_title','overview','title','genres_edited',\n",
    "                        'spoken_languages_edited','keywords_edited']\n",
    "continuous_features = ['budget','runtime','score','votes']\n",
    "normalized_features = [e+'_norm' for e in continuous_features]\n",
    "target_features = ['isprofit','profitability_ratio']\n",
    "all_features = categorical_features + continuous_features + normalized_features + target_features"
   ]
  },
  {
   "cell_type": "code",
   "execution_count": 4,
   "metadata": {},
   "outputs": [],
   "source": [
    "df['company']=df['company'].astype('category').cat.codes\n",
    "df['country']=df['country'].astype('category').cat.codes\n",
    "df['director']=df['director'].astype('category').cat.codes\n",
    "df['genre']=df['genre'].astype('category').cat.codes\n",
    "df['rating']=df['rating'].astype('category').cat.codes\n",
    "df['star']=df['star'].astype('category').cat.codes\n",
    "df['writer']=df['writer'].astype('category').cat.codes"
   ]
  },
  {
   "cell_type": "markdown",
   "metadata": {},
   "source": [
    "## 1.3. Correlation Matrix <a class=\"anchor\" id=\"13\"></a>"
   ]
  },
  {
   "cell_type": "code",
   "execution_count": 5,
   "metadata": {},
   "outputs": [],
   "source": [
    "corr_df=df[all_features].corr()"
   ]
  },
  {
   "cell_type": "code",
   "execution_count": 6,
   "metadata": {},
   "outputs": [
    {
     "data": {
      "text/html": [
       "<div>\n",
       "<style scoped>\n",
       "    .dataframe tbody tr th:only-of-type {\n",
       "        vertical-align: middle;\n",
       "    }\n",
       "\n",
       "    .dataframe tbody tr th {\n",
       "        vertical-align: top;\n",
       "    }\n",
       "\n",
       "    .dataframe thead th {\n",
       "        text-align: right;\n",
       "    }\n",
       "</style>\n",
       "<table border=\"1\" class=\"dataframe\">\n",
       "  <thead>\n",
       "    <tr style=\"text-align: right;\">\n",
       "      <th></th>\n",
       "      <th>company</th>\n",
       "      <th>country</th>\n",
       "      <th>director</th>\n",
       "      <th>genre</th>\n",
       "      <th>rating</th>\n",
       "      <th>star</th>\n",
       "      <th>year</th>\n",
       "      <th>writer</th>\n",
       "      <th>budget</th>\n",
       "      <th>runtime</th>\n",
       "      <th>score</th>\n",
       "      <th>votes</th>\n",
       "      <th>budget_norm</th>\n",
       "      <th>runtime_norm</th>\n",
       "      <th>score_norm</th>\n",
       "      <th>votes_norm</th>\n",
       "      <th>isprofit</th>\n",
       "      <th>profitability_ratio</th>\n",
       "    </tr>\n",
       "  </thead>\n",
       "  <tbody>\n",
       "    <tr>\n",
       "      <th>company</th>\n",
       "      <td>1.000000</td>\n",
       "      <td>-0.016675</td>\n",
       "      <td>-0.007958</td>\n",
       "      <td>-0.068820</td>\n",
       "      <td>-0.099241</td>\n",
       "      <td>0.027254</td>\n",
       "      <td>-0.021056</td>\n",
       "      <td>0.022839</td>\n",
       "      <td>0.074338</td>\n",
       "      <td>-0.005302</td>\n",
       "      <td>-0.018536</td>\n",
       "      <td>0.001071</td>\n",
       "      <td>0.074338</td>\n",
       "      <td>-0.005302</td>\n",
       "      <td>-0.018536</td>\n",
       "      <td>0.001071</td>\n",
       "      <td>0.017490</td>\n",
       "      <td>0.022623</td>\n",
       "    </tr>\n",
       "    <tr>\n",
       "      <th>country</th>\n",
       "      <td>-0.016675</td>\n",
       "      <td>1.000000</td>\n",
       "      <td>0.032930</td>\n",
       "      <td>-0.008206</td>\n",
       "      <td>0.020008</td>\n",
       "      <td>-0.037735</td>\n",
       "      <td>-0.060132</td>\n",
       "      <td>-0.018664</td>\n",
       "      <td>0.062170</td>\n",
       "      <td>-0.074120</td>\n",
       "      <td>-0.085709</td>\n",
       "      <td>0.016110</td>\n",
       "      <td>0.062170</td>\n",
       "      <td>-0.074120</td>\n",
       "      <td>-0.085709</td>\n",
       "      <td>0.016110</td>\n",
       "      <td>0.122048</td>\n",
       "      <td>0.151513</td>\n",
       "    </tr>\n",
       "    <tr>\n",
       "      <th>director</th>\n",
       "      <td>-0.007958</td>\n",
       "      <td>0.032930</td>\n",
       "      <td>1.000000</td>\n",
       "      <td>0.062830</td>\n",
       "      <td>0.010008</td>\n",
       "      <td>0.073803</td>\n",
       "      <td>-0.040501</td>\n",
       "      <td>0.142315</td>\n",
       "      <td>-0.023738</td>\n",
       "      <td>0.044438</td>\n",
       "      <td>0.089611</td>\n",
       "      <td>0.026287</td>\n",
       "      <td>-0.023738</td>\n",
       "      <td>0.044438</td>\n",
       "      <td>0.089611</td>\n",
       "      <td>0.026287</td>\n",
       "      <td>-0.034057</td>\n",
       "      <td>0.008240</td>\n",
       "    </tr>\n",
       "    <tr>\n",
       "      <th>genre</th>\n",
       "      <td>-0.068820</td>\n",
       "      <td>-0.008206</td>\n",
       "      <td>0.062830</td>\n",
       "      <td>1.000000</td>\n",
       "      <td>0.148095</td>\n",
       "      <td>0.024644</td>\n",
       "      <td>0.007107</td>\n",
       "      <td>0.012354</td>\n",
       "      <td>-0.297798</td>\n",
       "      <td>0.049206</td>\n",
       "      <td>0.120176</td>\n",
       "      <td>-0.122178</td>\n",
       "      <td>-0.297798</td>\n",
       "      <td>0.049206</td>\n",
       "      <td>0.120176</td>\n",
       "      <td>-0.122178</td>\n",
       "      <td>0.032127</td>\n",
       "      <td>0.050628</td>\n",
       "    </tr>\n",
       "    <tr>\n",
       "      <th>rating</th>\n",
       "      <td>-0.099241</td>\n",
       "      <td>0.020008</td>\n",
       "      <td>0.010008</td>\n",
       "      <td>0.148095</td>\n",
       "      <td>1.000000</td>\n",
       "      <td>0.020667</td>\n",
       "      <td>-0.036808</td>\n",
       "      <td>-0.004206</td>\n",
       "      <td>-0.186166</td>\n",
       "      <td>0.196264</td>\n",
       "      <td>0.097757</td>\n",
       "      <td>0.044550</td>\n",
       "      <td>-0.186166</td>\n",
       "      <td>0.196264</td>\n",
       "      <td>0.097757</td>\n",
       "      <td>0.044550</td>\n",
       "      <td>-0.091687</td>\n",
       "      <td>-0.109055</td>\n",
       "    </tr>\n",
       "    <tr>\n",
       "      <th>star</th>\n",
       "      <td>0.027254</td>\n",
       "      <td>-0.037735</td>\n",
       "      <td>0.073803</td>\n",
       "      <td>0.024644</td>\n",
       "      <td>0.020667</td>\n",
       "      <td>1.000000</td>\n",
       "      <td>-0.020217</td>\n",
       "      <td>0.023001</td>\n",
       "      <td>0.019753</td>\n",
       "      <td>0.047789</td>\n",
       "      <td>0.038582</td>\n",
       "      <td>0.017700</td>\n",
       "      <td>0.019753</td>\n",
       "      <td>0.047789</td>\n",
       "      <td>0.038582</td>\n",
       "      <td>0.017700</td>\n",
       "      <td>-0.013436</td>\n",
       "      <td>-0.013157</td>\n",
       "    </tr>\n",
       "    <tr>\n",
       "      <th>year</th>\n",
       "      <td>-0.021056</td>\n",
       "      <td>-0.060132</td>\n",
       "      <td>-0.040501</td>\n",
       "      <td>0.007107</td>\n",
       "      <td>-0.036808</td>\n",
       "      <td>-0.020217</td>\n",
       "      <td>1.000000</td>\n",
       "      <td>-0.020880</td>\n",
       "      <td>0.234908</td>\n",
       "      <td>-0.024934</td>\n",
       "      <td>0.007414</td>\n",
       "      <td>0.316615</td>\n",
       "      <td>0.234908</td>\n",
       "      <td>-0.024934</td>\n",
       "      <td>0.007414</td>\n",
       "      <td>0.316615</td>\n",
       "      <td>-0.071260</td>\n",
       "      <td>-0.134113</td>\n",
       "    </tr>\n",
       "    <tr>\n",
       "      <th>writer</th>\n",
       "      <td>0.022839</td>\n",
       "      <td>-0.018664</td>\n",
       "      <td>0.142315</td>\n",
       "      <td>0.012354</td>\n",
       "      <td>-0.004206</td>\n",
       "      <td>0.023001</td>\n",
       "      <td>-0.020880</td>\n",
       "      <td>1.000000</td>\n",
       "      <td>-0.037847</td>\n",
       "      <td>-0.006986</td>\n",
       "      <td>0.030348</td>\n",
       "      <td>-0.007611</td>\n",
       "      <td>-0.037847</td>\n",
       "      <td>-0.006986</td>\n",
       "      <td>0.030348</td>\n",
       "      <td>-0.007611</td>\n",
       "      <td>-0.019787</td>\n",
       "      <td>0.001966</td>\n",
       "    </tr>\n",
       "    <tr>\n",
       "      <th>budget</th>\n",
       "      <td>0.074338</td>\n",
       "      <td>0.062170</td>\n",
       "      <td>-0.023738</td>\n",
       "      <td>-0.297798</td>\n",
       "      <td>-0.186166</td>\n",
       "      <td>0.019753</td>\n",
       "      <td>0.234908</td>\n",
       "      <td>-0.037847</td>\n",
       "      <td>1.000000</td>\n",
       "      <td>0.236606</td>\n",
       "      <td>-0.110972</td>\n",
       "      <td>0.412289</td>\n",
       "      <td>1.000000</td>\n",
       "      <td>0.236606</td>\n",
       "      <td>-0.110972</td>\n",
       "      <td>0.412289</td>\n",
       "      <td>-0.069334</td>\n",
       "      <td>-0.118184</td>\n",
       "    </tr>\n",
       "    <tr>\n",
       "      <th>runtime</th>\n",
       "      <td>-0.005302</td>\n",
       "      <td>-0.074120</td>\n",
       "      <td>0.044438</td>\n",
       "      <td>0.049206</td>\n",
       "      <td>0.196264</td>\n",
       "      <td>0.047789</td>\n",
       "      <td>-0.024934</td>\n",
       "      <td>-0.006986</td>\n",
       "      <td>0.236606</td>\n",
       "      <td>1.000000</td>\n",
       "      <td>0.379327</td>\n",
       "      <td>0.192825</td>\n",
       "      <td>0.236606</td>\n",
       "      <td>1.000000</td>\n",
       "      <td>0.379327</td>\n",
       "      <td>0.192825</td>\n",
       "      <td>-0.035950</td>\n",
       "      <td>-0.044726</td>\n",
       "    </tr>\n",
       "    <tr>\n",
       "      <th>score</th>\n",
       "      <td>-0.018536</td>\n",
       "      <td>-0.085709</td>\n",
       "      <td>0.089611</td>\n",
       "      <td>0.120176</td>\n",
       "      <td>0.097757</td>\n",
       "      <td>0.038582</td>\n",
       "      <td>0.007414</td>\n",
       "      <td>0.030348</td>\n",
       "      <td>-0.110972</td>\n",
       "      <td>0.379327</td>\n",
       "      <td>1.000000</td>\n",
       "      <td>0.387335</td>\n",
       "      <td>-0.110972</td>\n",
       "      <td>0.379327</td>\n",
       "      <td>1.000000</td>\n",
       "      <td>0.387335</td>\n",
       "      <td>0.123353</td>\n",
       "      <td>0.131406</td>\n",
       "    </tr>\n",
       "    <tr>\n",
       "      <th>votes</th>\n",
       "      <td>0.001071</td>\n",
       "      <td>0.016110</td>\n",
       "      <td>0.026287</td>\n",
       "      <td>-0.122178</td>\n",
       "      <td>0.044550</td>\n",
       "      <td>0.017700</td>\n",
       "      <td>0.316615</td>\n",
       "      <td>-0.007611</td>\n",
       "      <td>0.412289</td>\n",
       "      <td>0.192825</td>\n",
       "      <td>0.387335</td>\n",
       "      <td>1.000000</td>\n",
       "      <td>0.412289</td>\n",
       "      <td>0.192825</td>\n",
       "      <td>0.387335</td>\n",
       "      <td>1.000000</td>\n",
       "      <td>0.268838</td>\n",
       "      <td>0.255108</td>\n",
       "    </tr>\n",
       "    <tr>\n",
       "      <th>budget_norm</th>\n",
       "      <td>0.074338</td>\n",
       "      <td>0.062170</td>\n",
       "      <td>-0.023738</td>\n",
       "      <td>-0.297798</td>\n",
       "      <td>-0.186166</td>\n",
       "      <td>0.019753</td>\n",
       "      <td>0.234908</td>\n",
       "      <td>-0.037847</td>\n",
       "      <td>1.000000</td>\n",
       "      <td>0.236606</td>\n",
       "      <td>-0.110972</td>\n",
       "      <td>0.412289</td>\n",
       "      <td>1.000000</td>\n",
       "      <td>0.236606</td>\n",
       "      <td>-0.110972</td>\n",
       "      <td>0.412289</td>\n",
       "      <td>-0.069334</td>\n",
       "      <td>-0.118184</td>\n",
       "    </tr>\n",
       "    <tr>\n",
       "      <th>runtime_norm</th>\n",
       "      <td>-0.005302</td>\n",
       "      <td>-0.074120</td>\n",
       "      <td>0.044438</td>\n",
       "      <td>0.049206</td>\n",
       "      <td>0.196264</td>\n",
       "      <td>0.047789</td>\n",
       "      <td>-0.024934</td>\n",
       "      <td>-0.006986</td>\n",
       "      <td>0.236606</td>\n",
       "      <td>1.000000</td>\n",
       "      <td>0.379327</td>\n",
       "      <td>0.192825</td>\n",
       "      <td>0.236606</td>\n",
       "      <td>1.000000</td>\n",
       "      <td>0.379327</td>\n",
       "      <td>0.192825</td>\n",
       "      <td>-0.035950</td>\n",
       "      <td>-0.044726</td>\n",
       "    </tr>\n",
       "    <tr>\n",
       "      <th>score_norm</th>\n",
       "      <td>-0.018536</td>\n",
       "      <td>-0.085709</td>\n",
       "      <td>0.089611</td>\n",
       "      <td>0.120176</td>\n",
       "      <td>0.097757</td>\n",
       "      <td>0.038582</td>\n",
       "      <td>0.007414</td>\n",
       "      <td>0.030348</td>\n",
       "      <td>-0.110972</td>\n",
       "      <td>0.379327</td>\n",
       "      <td>1.000000</td>\n",
       "      <td>0.387335</td>\n",
       "      <td>-0.110972</td>\n",
       "      <td>0.379327</td>\n",
       "      <td>1.000000</td>\n",
       "      <td>0.387335</td>\n",
       "      <td>0.123353</td>\n",
       "      <td>0.131406</td>\n",
       "    </tr>\n",
       "    <tr>\n",
       "      <th>votes_norm</th>\n",
       "      <td>0.001071</td>\n",
       "      <td>0.016110</td>\n",
       "      <td>0.026287</td>\n",
       "      <td>-0.122178</td>\n",
       "      <td>0.044550</td>\n",
       "      <td>0.017700</td>\n",
       "      <td>0.316615</td>\n",
       "      <td>-0.007611</td>\n",
       "      <td>0.412289</td>\n",
       "      <td>0.192825</td>\n",
       "      <td>0.387335</td>\n",
       "      <td>1.000000</td>\n",
       "      <td>0.412289</td>\n",
       "      <td>0.192825</td>\n",
       "      <td>0.387335</td>\n",
       "      <td>1.000000</td>\n",
       "      <td>0.268838</td>\n",
       "      <td>0.255108</td>\n",
       "    </tr>\n",
       "    <tr>\n",
       "      <th>isprofit</th>\n",
       "      <td>0.017490</td>\n",
       "      <td>0.122048</td>\n",
       "      <td>-0.034057</td>\n",
       "      <td>0.032127</td>\n",
       "      <td>-0.091687</td>\n",
       "      <td>-0.013436</td>\n",
       "      <td>-0.071260</td>\n",
       "      <td>-0.019787</td>\n",
       "      <td>-0.069334</td>\n",
       "      <td>-0.035950</td>\n",
       "      <td>0.123353</td>\n",
       "      <td>0.268838</td>\n",
       "      <td>-0.069334</td>\n",
       "      <td>-0.035950</td>\n",
       "      <td>0.123353</td>\n",
       "      <td>0.268838</td>\n",
       "      <td>1.000000</td>\n",
       "      <td>0.784242</td>\n",
       "    </tr>\n",
       "    <tr>\n",
       "      <th>profitability_ratio</th>\n",
       "      <td>0.022623</td>\n",
       "      <td>0.151513</td>\n",
       "      <td>0.008240</td>\n",
       "      <td>0.050628</td>\n",
       "      <td>-0.109055</td>\n",
       "      <td>-0.013157</td>\n",
       "      <td>-0.134113</td>\n",
       "      <td>0.001966</td>\n",
       "      <td>-0.118184</td>\n",
       "      <td>-0.044726</td>\n",
       "      <td>0.131406</td>\n",
       "      <td>0.255108</td>\n",
       "      <td>-0.118184</td>\n",
       "      <td>-0.044726</td>\n",
       "      <td>0.131406</td>\n",
       "      <td>0.255108</td>\n",
       "      <td>0.784242</td>\n",
       "      <td>1.000000</td>\n",
       "    </tr>\n",
       "  </tbody>\n",
       "</table>\n",
       "</div>"
      ],
      "text/plain": [
       "                      company   country  director     genre    rating  \\\n",
       "company              1.000000 -0.016675 -0.007958 -0.068820 -0.099241   \n",
       "country             -0.016675  1.000000  0.032930 -0.008206  0.020008   \n",
       "director            -0.007958  0.032930  1.000000  0.062830  0.010008   \n",
       "genre               -0.068820 -0.008206  0.062830  1.000000  0.148095   \n",
       "rating              -0.099241  0.020008  0.010008  0.148095  1.000000   \n",
       "star                 0.027254 -0.037735  0.073803  0.024644  0.020667   \n",
       "year                -0.021056 -0.060132 -0.040501  0.007107 -0.036808   \n",
       "writer               0.022839 -0.018664  0.142315  0.012354 -0.004206   \n",
       "budget               0.074338  0.062170 -0.023738 -0.297798 -0.186166   \n",
       "runtime             -0.005302 -0.074120  0.044438  0.049206  0.196264   \n",
       "score               -0.018536 -0.085709  0.089611  0.120176  0.097757   \n",
       "votes                0.001071  0.016110  0.026287 -0.122178  0.044550   \n",
       "budget_norm          0.074338  0.062170 -0.023738 -0.297798 -0.186166   \n",
       "runtime_norm        -0.005302 -0.074120  0.044438  0.049206  0.196264   \n",
       "score_norm          -0.018536 -0.085709  0.089611  0.120176  0.097757   \n",
       "votes_norm           0.001071  0.016110  0.026287 -0.122178  0.044550   \n",
       "isprofit             0.017490  0.122048 -0.034057  0.032127 -0.091687   \n",
       "profitability_ratio  0.022623  0.151513  0.008240  0.050628 -0.109055   \n",
       "\n",
       "                         star      year    writer    budget   runtime  \\\n",
       "company              0.027254 -0.021056  0.022839  0.074338 -0.005302   \n",
       "country             -0.037735 -0.060132 -0.018664  0.062170 -0.074120   \n",
       "director             0.073803 -0.040501  0.142315 -0.023738  0.044438   \n",
       "genre                0.024644  0.007107  0.012354 -0.297798  0.049206   \n",
       "rating               0.020667 -0.036808 -0.004206 -0.186166  0.196264   \n",
       "star                 1.000000 -0.020217  0.023001  0.019753  0.047789   \n",
       "year                -0.020217  1.000000 -0.020880  0.234908 -0.024934   \n",
       "writer               0.023001 -0.020880  1.000000 -0.037847 -0.006986   \n",
       "budget               0.019753  0.234908 -0.037847  1.000000  0.236606   \n",
       "runtime              0.047789 -0.024934 -0.006986  0.236606  1.000000   \n",
       "score                0.038582  0.007414  0.030348 -0.110972  0.379327   \n",
       "votes                0.017700  0.316615 -0.007611  0.412289  0.192825   \n",
       "budget_norm          0.019753  0.234908 -0.037847  1.000000  0.236606   \n",
       "runtime_norm         0.047789 -0.024934 -0.006986  0.236606  1.000000   \n",
       "score_norm           0.038582  0.007414  0.030348 -0.110972  0.379327   \n",
       "votes_norm           0.017700  0.316615 -0.007611  0.412289  0.192825   \n",
       "isprofit            -0.013436 -0.071260 -0.019787 -0.069334 -0.035950   \n",
       "profitability_ratio -0.013157 -0.134113  0.001966 -0.118184 -0.044726   \n",
       "\n",
       "                        score     votes  budget_norm  runtime_norm  \\\n",
       "company             -0.018536  0.001071     0.074338     -0.005302   \n",
       "country             -0.085709  0.016110     0.062170     -0.074120   \n",
       "director             0.089611  0.026287    -0.023738      0.044438   \n",
       "genre                0.120176 -0.122178    -0.297798      0.049206   \n",
       "rating               0.097757  0.044550    -0.186166      0.196264   \n",
       "star                 0.038582  0.017700     0.019753      0.047789   \n",
       "year                 0.007414  0.316615     0.234908     -0.024934   \n",
       "writer               0.030348 -0.007611    -0.037847     -0.006986   \n",
       "budget              -0.110972  0.412289     1.000000      0.236606   \n",
       "runtime              0.379327  0.192825     0.236606      1.000000   \n",
       "score                1.000000  0.387335    -0.110972      0.379327   \n",
       "votes                0.387335  1.000000     0.412289      0.192825   \n",
       "budget_norm         -0.110972  0.412289     1.000000      0.236606   \n",
       "runtime_norm         0.379327  0.192825     0.236606      1.000000   \n",
       "score_norm           1.000000  0.387335    -0.110972      0.379327   \n",
       "votes_norm           0.387335  1.000000     0.412289      0.192825   \n",
       "isprofit             0.123353  0.268838    -0.069334     -0.035950   \n",
       "profitability_ratio  0.131406  0.255108    -0.118184     -0.044726   \n",
       "\n",
       "                     score_norm  votes_norm  isprofit  profitability_ratio  \n",
       "company               -0.018536    0.001071  0.017490             0.022623  \n",
       "country               -0.085709    0.016110  0.122048             0.151513  \n",
       "director               0.089611    0.026287 -0.034057             0.008240  \n",
       "genre                  0.120176   -0.122178  0.032127             0.050628  \n",
       "rating                 0.097757    0.044550 -0.091687            -0.109055  \n",
       "star                   0.038582    0.017700 -0.013436            -0.013157  \n",
       "year                   0.007414    0.316615 -0.071260            -0.134113  \n",
       "writer                 0.030348   -0.007611 -0.019787             0.001966  \n",
       "budget                -0.110972    0.412289 -0.069334            -0.118184  \n",
       "runtime                0.379327    0.192825 -0.035950            -0.044726  \n",
       "score                  1.000000    0.387335  0.123353             0.131406  \n",
       "votes                  0.387335    1.000000  0.268838             0.255108  \n",
       "budget_norm           -0.110972    0.412289 -0.069334            -0.118184  \n",
       "runtime_norm           0.379327    0.192825 -0.035950            -0.044726  \n",
       "score_norm             1.000000    0.387335  0.123353             0.131406  \n",
       "votes_norm             0.387335    1.000000  0.268838             0.255108  \n",
       "isprofit               0.123353    0.268838  1.000000             0.784242  \n",
       "profitability_ratio    0.131406    0.255108  0.784242             1.000000  "
      ]
     },
     "execution_count": 6,
     "metadata": {},
     "output_type": "execute_result"
    }
   ],
   "source": [
    "corr_df"
   ]
  },
  {
   "cell_type": "markdown",
   "metadata": {},
   "source": [
    "## 1.4. Heat-Map of correlation Matrix <a class=\"anchor\" id=\"14\"></a>"
   ]
  },
  {
   "cell_type": "code",
   "execution_count": 7,
   "metadata": {},
   "outputs": [
    {
     "data": {
