{
 "cells": [
  {
   "cell_type": "markdown",
   "metadata": {},
   "source": [
    "### Table of Contents:\n",
    "* [1. Feature selection and improve accuracy of data mining results ](#1)\n",
    "* &emsp;[1.1. Importing Libraries](#11)\n",
    "* &emsp;[1.2. Converting categorical data to numerical](#12)\n",
    "* &emsp;[1.3. Correlation Matrix](#13)\n",
    "* &emsp;[1.4. Heat-Map of correlation Matrix](#14)\n",
    "* &emsp;[1.5. Relevant attributes to improve the accuracy of data mining results](#15)"
   ]
  },
  {
   "cell_type": "markdown",
   "metadata": {},
   "source": [
    "# 1. Feature selection and improve accuracy of data mining results <a class=\"anchor\" id=\"1\"></a>"
   ]
  },
  {
   "cell_type": "markdown",
   "metadata": {},
   "source": [
    "Select relevant attributes from your dataset to improve the accuracy of data mining results. "
   ]
  },
  {
   "cell_type": "markdown",
   "metadata": {},
   "source": [
    "## 1.1. Importing Libraries <a class=\"anchor\" id=\"11\"></a>"
   ]
  },
  {
   "cell_type": "code",
   "execution_count": 1,
   "metadata": {},
   "outputs": [],
   "source": [
    "import pandas as pd \n",
    "import numpy as np  \n",
    "import seaborn as sns\n",
    "import matplotlib.pyplot as plt"
   ]
  },
  {
   "cell_type": "markdown",
   "metadata": {},
   "source": [
    "## 1.2. Converting categorical data to numerical <a class=\"anchor\" id=\"12\"></a>"
   ]
  },
  {
   "cell_type": "code",
   "execution_count": 2,
   "metadata": {},
   "outputs": [],
   "source": [
    "df = pd.read_csv('data/training_data.csv')"
   ]
  },
  {
   "cell_type": "code",
   "execution_count": 3,
   "metadata": {},
   "outputs": [],
   "source": [
    "categorical_features = ['company','country','director','genre','rating','released','star','year',\n",
    "                        'writer','original_title','overview','tagline','title','genres_edited',\n",
    "                        'spoken_languages_edited','production_countries_edited','keywords_edited']\n",
    "continuous_features = ['budget','runtime','score','votes','popularity']\n",
    "normalized_features = [e+'_norm' for e in continuous_features]\n",
    "target_features = ['isprofit','profitability_ratio']\n",
    "all_features = categorical_features + continuous_features + normalized_features + target_features"
   ]
  },
  {
   "cell_type": "code",
   "execution_count": 4,
   "metadata": {},
   "outputs": [],
   "source": [
    "df['company']=df['company'].astype('category').cat.codes\n",
    "df['country']=df['country'].astype('category').cat.codes\n",
    "df['director']=df['director'].astype('category').cat.codes\n",
    "df['genre']=df['genre'].astype('category').cat.codes\n",
    "df['rating']=df['rating'].astype('category').cat.codes\n",
    "df['star']=df['star'].astype('category').cat.codes\n",
    "df['writer']=df['writer'].astype('category').cat.codes"
   ]
  },
  {
   "cell_type": "markdown",
   "metadata": {},
   "source": [
    "## 1.3. Correlation Matrix <a class=\"anchor\" id=\"13\"></a>"
   ]
  },
  {
   "cell_type": "code",
   "execution_count": 5,
   "metadata": {},
   "outputs": [],
   "source": [
    "corr_df=df[all_features].corr()"
   ]
  },
  {
   "cell_type": "code",
   "execution_count": 6,
   "metadata": {},
   "outputs": [
    {
     "data": {
      "text/html": [
       "<div>\n",
       "<style scoped>\n",
       "    .dataframe tbody tr th:only-of-type {\n",
       "        vertical-align: middle;\n",
       "    }\n",
       "\n",
       "    .dataframe tbody tr th {\n",
       "        vertical-align: top;\n",
       "    }\n",
       "\n",
       "    .dataframe thead th {\n",
       "        text-align: right;\n",
       "    }\n",
       "</style>\n",
       "<table border=\"1\" class=\"dataframe\">\n",
       "  <thead>\n",
       "    <tr style=\"text-align: right;\">\n",
       "      <th></th>\n",
       "      <th>company</th>\n",
       "      <th>country</th>\n",
       "      <th>director</th>\n",
       "      <th>genre</th>\n",
       "      <th>rating</th>\n",
       "      <th>star</th>\n",
       "      <th>year</th>\n",
       "      <th>writer</th>\n",
       "      <th>budget</th>\n",
       "      <th>runtime</th>\n",
       "      <th>score</th>\n",
       "      <th>votes</th>\n",
       "      <th>popularity</th>\n",
       "      <th>budget_norm</th>\n",
       "      <th>runtime_norm</th>\n",
       "      <th>score_norm</th>\n",
       "      <th>votes_norm</th>\n",
       "      <th>popularity_norm</th>\n",
       "      <th>isprofit</th>\n",
       "      <th>profitability_ratio</th>\n",
       "    </tr>\n",
       "  </thead>\n",
       "  <tbody>\n",
       "    <tr>\n",
       "      <th>company</th>\n",
       "      <td>1.000000</td>\n",
       "      <td>-0.013090</td>\n",
       "      <td>0.015980</td>\n",
       "      <td>-0.067707</td>\n",
       "      <td>-0.035473</td>\n",
       "      <td>0.022474</td>\n",
       "      <td>0.009746</td>\n",
       "      <td>0.003733</td>\n",
       "      <td>0.079051</td>\n",
       "      <td>0.036737</td>\n",
       "      <td>-0.003223</td>\n",
       "      <td>0.004567</td>\n",
       "      <td>-0.011936</td>\n",
       "      <td>0.079051</td>\n",
       "      <td>0.036737</td>\n",
       "      <td>-0.003223</td>\n",
       "      <td>0.004567</td>\n",
       "      <td>-0.011936</td>\n",
       "      <td>-0.038838</td>\n",
       "      <td>-0.026738</td>\n",
       "    </tr>\n",
       "    <tr>\n",
       "      <th>country</th>\n",
       "      <td>-0.013090</td>\n",
       "      <td>1.000000</td>\n",
       "      <td>-0.007243</td>\n",
       "      <td>0.034910</td>\n",
       "      <td>0.024357</td>\n",
       "      <td>-0.013602</td>\n",
       "      <td>0.007523</td>\n",
       "      <td>-0.093787</td>\n",
       "      <td>0.126986</td>\n",
       "      <td>-0.037793</td>\n",
       "      <td>-0.118752</td>\n",
       "      <td>0.074981</td>\n",
       "      <td>0.075040</td>\n",
       "      <td>0.126986</td>\n",
       "      <td>-0.037793</td>\n",
       "      <td>-0.118752</td>\n",
       "      <td>0.074981</td>\n",
       "      <td>0.075040</td>\n",
       "      <td>0.156762</td>\n",
       "      <td>0.190426</td>\n",
       "    </tr>\n",
       "    <tr>\n",
       "      <th>director</th>\n",
       "      <td>0.015980</td>\n",
       "      <td>-0.007243</td>\n",
       "      <td>1.000000</td>\n",
       "      <td>0.072873</td>\n",
       "      <td>-0.001392</td>\n",
       "      <td>0.042772</td>\n",
       "      <td>-0.042837</td>\n",
       "      <td>0.139519</td>\n",
       "      <td>0.003903</td>\n",
       "      <td>0.020869</td>\n",
       "      <td>0.084829</td>\n",
       "      <td>0.067372</td>\n",
       "      <td>-0.001873</td>\n",
       "      <td>0.003903</td>\n",
       "      <td>0.020869</td>\n",
       "      <td>0.084829</td>\n",
       "      <td>0.067372</td>\n",
       "      <td>-0.001873</td>\n",
       "      <td>0.012513</td>\n",
       "      <td>-0.000897</td>\n",
       "    </tr>\n",
       "    <tr>\n",
       "      <th>genre</th>\n",
       "      <td>-0.067707</td>\n",
       "      <td>0.034910</td>\n",
       "      <td>0.072873</td>\n",
       "      <td>1.000000</td>\n",
       "      <td>0.159076</td>\n",
       "      <td>0.010876</td>\n",
       "      <td>-0.075865</td>\n",
       "      <td>-0.033624</td>\n",
       "      <td>-0.377570</td>\n",
       "      <td>-0.012568</td>\n",
       "      <td>0.089665</td>\n",
       "      <td>-0.141506</td>\n",
       "      <td>-0.166315</td>\n",
       "      <td>-0.377570</td>\n",
       "      <td>-0.012568</td>\n",
       "      <td>0.089665</td>\n",
       "      <td>-0.141506</td>\n",
       "      <td>-0.166315</td>\n",
       "      <td>0.098722</td>\n",
       "      <td>0.095780</td>\n",
       "    </tr>\n",
       "    <tr>\n",
       "      <th>rating</th>\n",
       "      <td>-0.035473</td>\n",
       "      <td>0.024357</td>\n",
       "      <td>-0.001392</td>\n",
       "      <td>0.159076</td>\n",
       "      <td>1.000000</td>\n",
       "      <td>0.040568</td>\n",
       "      <td>0.070373</td>\n",
       "      <td>-0.012383</td>\n",
       "      <td>-0.264938</td>\n",
       "      <td>0.159248</td>\n",
       "      <td>0.155097</td>\n",
       "      <td>0.136732</td>\n",
       "      <td>-0.055597</td>\n",
       "      <td>-0.264938</td>\n",
       "      <td>0.159248</td>\n",
       "      <td>0.155097</td>\n",
       "      <td>0.136732</td>\n",
       "      <td>-0.055597</td>\n",
       "      <td>-0.135264</td>\n",
       "      <td>-0.143303</td>\n",
       "    </tr>\n",
       "    <tr>\n",
       "      <th>star</th>\n",
       "      <td>0.022474</td>\n",
       "      <td>-0.013602</td>\n",
       "      <td>0.042772</td>\n",
       "      <td>0.010876</td>\n",
       "      <td>0.040568</td>\n",
       "      <td>1.000000</td>\n",
       "      <td>-0.018655</td>\n",
       "      <td>0.018154</td>\n",
       "      <td>0.005204</td>\n",
       "      <td>0.028426</td>\n",
       "      <td>0.036114</td>\n",
       "      <td>0.052301</td>\n",
       "      <td>0.012286</td>\n",
       "      <td>0.005204</td>\n",
       "      <td>0.028426</td>\n",
       "      <td>0.036114</td>\n",
       "      <td>0.052301</td>\n",
       "      <td>0.012286</td>\n",
       "      <td>-0.019008</td>\n",
       "      <td>0.009492</td>\n",
       "    </tr>\n",
       "    <tr>\n",
       "      <th>year</th>\n",
       "      <td>0.009746</td>\n",
       "      <td>0.007523</td>\n",
       "      <td>-0.042837</td>\n",
       "      <td>-0.075865</td>\n",
       "      <td>0.070373</td>\n",
       "      <td>-0.018655</td>\n",
       "      <td>1.000000</td>\n",
       "      <td>0.019492</td>\n",
       "      <td>0.025814</td>\n",
       "      <td>-0.000044</td>\n",
       "      <td>0.024034</td>\n",
       "      <td>0.080711</td>\n",
       "      <td>0.113876</td>\n",
       "      <td>0.025814</td>\n",
       "      <td>-0.000044</td>\n",
       "      <td>0.024034</td>\n",
       "      <td>0.080711</td>\n",
       "      <td>0.113876</td>\n",
       "      <td>-0.037011</td>\n",
       "      <td>-0.065174</td>\n",
       "    </tr>\n",
       "    <tr>\n",
       "      <th>writer</th>\n",
       "      <td>0.003733</td>\n",
       "      <td>-0.093787</td>\n",
       "      <td>0.139519</td>\n",
       "      <td>-0.033624</td>\n",
       "      <td>-0.012383</td>\n",
       "      <td>0.018154</td>\n",
       "      <td>0.019492</td>\n",
       "      <td>1.000000</td>\n",
       "      <td>-0.027208</td>\n",
       "      <td>0.024361</td>\n",
       "      <td>0.016836</td>\n",
       "      <td>-0.009039</td>\n",
       "      <td>-0.036036</td>\n",
       "      <td>-0.027208</td>\n",
       "      <td>0.024361</td>\n",
       "      <td>0.016836</td>\n",
       "      <td>-0.009039</td>\n",
       "      <td>-0.036036</td>\n",
       "      <td>-0.016790</td>\n",
       "      <td>0.020289</td>\n",
       "    </tr>\n",
       "    <tr>\n",
       "      <th>budget</th>\n",
       "      <td>0.079051</td>\n",
       "      <td>0.126986</td>\n",
       "      <td>0.003903</td>\n",
       "      <td>-0.377570</td>\n",
       "      <td>-0.264938</td>\n",
       "      <td>0.005204</td>\n",
       "      <td>0.025814</td>\n",
       "      <td>-0.027208</td>\n",
       "      <td>1.000000</td>\n",
       "      <td>0.227837</td>\n",
       "      <td>-0.103827</td>\n",
       "      <td>0.381706</td>\n",
       "      <td>0.304581</td>\n",
       "      <td>1.000000</td>\n",
       "      <td>0.227837</td>\n",
       "      <td>-0.103827</td>\n",
       "      <td>0.381706</td>\n",
       "      <td>0.304581</td>\n",
       "      <td>-0.010955</td>\n",
       "      <td>-0.046753</td>\n",
       "    </tr>\n",
       "    <tr>\n",
       "      <th>runtime</th>\n",
       "      <td>0.036737</td>\n",
       "      <td>-0.037793</td>\n",
       "      <td>0.020869</td>\n",
       "      <td>-0.012568</td>\n",
       "      <td>0.159248</td>\n",
       "      <td>0.028426</td>\n",
       "      <td>-0.000044</td>\n",
       "      <td>0.024361</td>\n",
       "      <td>0.227837</td>\n",
       "      <td>1.000000</td>\n",
       "      <td>0.389517</td>\n",
       "      <td>0.256113</td>\n",
       "      <td>0.119732</td>\n",
       "      <td>0.227837</td>\n",
       "      <td>1.000000</td>\n",
       "      <td>0.389517</td>\n",
       "      <td>0.256113</td>\n",
       "      <td>0.119732</td>\n",
       "      <td>-0.058895</td>\n",
       "      <td>-0.069413</td>\n",
       "    </tr>\n",
       "    <tr>\n",
       "      <th>score</th>\n",
       "      <td>-0.003223</td>\n",
       "      <td>-0.118752</td>\n",
       "      <td>0.084829</td>\n",
       "      <td>0.089665</td>\n",
       "      <td>0.155097</td>\n",
       "      <td>0.036114</td>\n",
       "      <td>0.024034</td>\n",
       "      <td>0.016836</td>\n",
       "      <td>-0.103827</td>\n",
       "      <td>0.389517</td>\n",
       "      <td>1.000000</td>\n",
       "      <td>0.443208</td>\n",
       "      <td>0.167597</td>\n",
       "      <td>-0.103827</td>\n",
       "      <td>0.389517</td>\n",
       "      <td>1.000000</td>\n",
       "      <td>0.443208</td>\n",
       "      <td>0.167597</td>\n",
       "      <td>0.101482</td>\n",
       "      <td>0.127647</td>\n",
       "    </tr>\n",
       "    <tr>\n",
       "      <th>votes</th>\n",
       "      <td>0.004567</td>\n",
       "      <td>0.074981</td>\n",
       "      <td>0.067372</td>\n",
       "      <td>-0.141506</td>\n",
       "      <td>0.136732</td>\n",
       "      <td>0.052301</td>\n",
       "      <td>0.080711</td>\n",
       "      <td>-0.009039</td>\n",
       "      <td>0.381706</td>\n",
       "      <td>0.256113</td>\n",
       "      <td>0.443208</td>\n",
       "      <td>1.000000</td>\n",
       "      <td>0.423996</td>\n",
       "      <td>0.381706</td>\n",
       "      <td>0.256113</td>\n",
       "      <td>0.443208</td>\n",
       "      <td>1.000000</td>\n",
       "      <td>0.423996</td>\n",
       "      <td>0.319907</td>\n",
       "      <td>0.337205</td>\n",
       "    </tr>\n",
       "    <tr>\n",
       "      <th>popularity</th>\n",
       "      <td>-0.011936</td>\n",
       "      <td>0.075040</td>\n",
       "      <td>-0.001873</td>\n",
       "      <td>-0.166315</td>\n",
       "      <td>-0.055597</td>\n",
       "      <td>0.012286</td>\n",
       "      <td>0.113876</td>\n",
       "      <td>-0.036036</td>\n",
       "      <td>0.304581</td>\n",
       "      <td>0.119732</td>\n",
       "      <td>0.167597</td>\n",
       "      <td>0.423996</td>\n",
       "      <td>1.000000</td>\n",
       "      <td>0.304581</td>\n",
       "      <td>0.119732</td>\n",
       "      <td>0.167597</td>\n",
       "      <td>0.423996</td>\n",
       "      <td>1.000000</td>\n",
       "      <td>0.135519</td>\n",
       "      <td>0.170437</td>\n",
       "    </tr>\n",
       "    <tr>\n",
       "      <th>budget_norm</th>\n",
       "      <td>0.079051</td>\n",
       "      <td>0.126986</td>\n",
       "      <td>0.003903</td>\n",
       "      <td>-0.377570</td>\n",
       "      <td>-0.264938</td>\n",
       "      <td>0.005204</td>\n",
       "      <td>0.025814</td>\n",
       "      <td>-0.027208</td>\n",
       "      <td>1.000000</td>\n",
       "      <td>0.227837</td>\n",
       "      <td>-0.103827</td>\n",
       "      <td>0.381706</td>\n",
       "      <td>0.304581</td>\n",
       "      <td>1.000000</td>\n",
       "      <td>0.227837</td>\n",
       "      <td>-0.103827</td>\n",
       "      <td>0.381706</td>\n",
       "      <td>0.304581</td>\n",
       "      <td>-0.010955</td>\n",
       "      <td>-0.046753</td>\n",
       "    </tr>\n",
       "    <tr>\n",
       "      <th>runtime_norm</th>\n",
       "      <td>0.036737</td>\n",
       "      <td>-0.037793</td>\n",
       "      <td>0.020869</td>\n",
       "      <td>-0.012568</td>\n",
       "      <td>0.159248</td>\n",
       "      <td>0.028426</td>\n",
       "      <td>-0.000044</td>\n",
       "      <td>0.024361</td>\n",
       "      <td>0.227837</td>\n",
       "      <td>1.000000</td>\n",
       "      <td>0.389517</td>\n",
       "      <td>0.256113</td>\n",
       "      <td>0.119732</td>\n",
       "      <td>0.227837</td>\n",
       "      <td>1.000000</td>\n",
       "      <td>0.389517</td>\n",
       "      <td>0.256113</td>\n",
       "      <td>0.119732</td>\n",
       "      <td>-0.058895</td>\n",
       "      <td>-0.069413</td>\n",
       "    </tr>\n",
       "    <tr>\n",
       "      <th>score_norm</th>\n",
       "      <td>-0.003223</td>\n",
       "      <td>-0.118752</td>\n",
       "      <td>0.084829</td>\n",
       "      <td>0.089665</td>\n",
       "      <td>0.155097</td>\n",
       "      <td>0.036114</td>\n",
       "      <td>0.024034</td>\n",
       "      <td>0.016836</td>\n",
       "      <td>-0.103827</td>\n",
       "      <td>0.389517</td>\n",
       "      <td>1.000000</td>\n",
       "      <td>0.443208</td>\n",
       "      <td>0.167597</td>\n",
       "      <td>-0.103827</td>\n",
       "      <td>0.389517</td>\n",
       "      <td>1.000000</td>\n",
       "      <td>0.443208</td>\n",
       "      <td>0.167597</td>\n",
       "      <td>0.101482</td>\n",
       "      <td>0.127647</td>\n",
       "    </tr>\n",
       "    <tr>\n",
       "      <th>votes_norm</th>\n",
       "      <td>0.004567</td>\n",
       "      <td>0.074981</td>\n",
       "      <td>0.067372</td>\n",
       "      <td>-0.141506</td>\n",
       "      <td>0.136732</td>\n",
       "      <td>0.052301</td>\n",
       "      <td>0.080711</td>\n",
       "      <td>-0.009039</td>\n",
       "      <td>0.381706</td>\n",
       "      <td>0.256113</td>\n",
       "      <td>0.443208</td>\n",
       "      <td>1.000000</td>\n",
       "      <td>0.423996</td>\n",
       "      <td>0.381706</td>\n",
       "      <td>0.256113</td>\n",
       "      <td>0.443208</td>\n",
       "      <td>1.000000</td>\n",
       "      <td>0.423996</td>\n",
       "      <td>0.319907</td>\n",
       "      <td>0.337205</td>\n",
       "    </tr>\n",
       "    <tr>\n",
       "      <th>popularity_norm</th>\n",
       "      <td>-0.011936</td>\n",
       "      <td>0.075040</td>\n",
       "      <td>-0.001873</td>\n",
       "      <td>-0.166315</td>\n",
       "      <td>-0.055597</td>\n",
       "      <td>0.012286</td>\n",
       "      <td>0.113876</td>\n",
       "      <td>-0.036036</td>\n",
       "      <td>0.304581</td>\n",
       "      <td>0.119732</td>\n",
       "      <td>0.167597</td>\n",
       "      <td>0.423996</td>\n",
       "      <td>1.000000</td>\n",
       "      <td>0.304581</td>\n",
       "      <td>0.119732</td>\n",
       "      <td>0.167597</td>\n",
       "      <td>0.423996</td>\n",
       "      <td>1.000000</td>\n",
       "      <td>0.135519</td>\n",
       "      <td>0.170437</td>\n",
       "    </tr>\n",
       "    <tr>\n",
       "      <th>isprofit</th>\n",
       "      <td>-0.038838</td>\n",
       "      <td>0.156762</td>\n",
       "      <td>0.012513</td>\n",
       "      <td>0.098722</td>\n",
       "      <td>-0.135264</td>\n",
       "      <td>-0.019008</td>\n",
       "      <td>-0.037011</td>\n",
       "      <td>-0.016790</td>\n",
       "      <td>-0.010955</td>\n",
       "      <td>-0.058895</td>\n",
       "      <td>0.101482</td>\n",
       "      <td>0.319907</td>\n",
       "      <td>0.135519</td>\n",
       "      <td>-0.010955</td>\n",
       "      <td>-0.058895</td>\n",
       "      <td>0.101482</td>\n",
       "      <td>0.319907</td>\n",
       "      <td>0.135519</td>\n",
       "      <td>1.000000</td>\n",
       "      <td>0.787005</td>\n",
       "    </tr>\n",
       "    <tr>\n",
       "      <th>profitability_ratio</th>\n",
       "      <td>-0.026738</td>\n",
       "      <td>0.190426</td>\n",
       "      <td>-0.000897</td>\n",
       "      <td>0.095780</td>\n",
       "      <td>-0.143303</td>\n",
       "      <td>0.009492</td>\n",
       "      <td>-0.065174</td>\n",
       "      <td>0.020289</td>\n",
       "      <td>-0.046753</td>\n",
       "      <td>-0.069413</td>\n",
       "      <td>0.127647</td>\n",
       "      <td>0.337205</td>\n",
       "      <td>0.170437</td>\n",
       "      <td>-0.046753</td>\n",
       "      <td>-0.069413</td>\n",
       "      <td>0.127647</td>\n",
       "      <td>0.337205</td>\n",
       "      <td>0.170437</td>\n",
       "      <td>0.787005</td>\n",
       "      <td>1.000000</td>\n",
       "    </tr>\n",
       "  </tbody>\n",
       "</table>\n",
       "</div>"
      ],
      "text/plain": [
       "                      company   country  director     genre    rating  \\\n",
       "company              1.000000 -0.013090  0.015980 -0.067707 -0.035473   \n",
       "country             -0.013090  1.000000 -0.007243  0.034910  0.024357   \n",
       "director             0.015980 -0.007243  1.000000  0.072873 -0.001392   \n",
       "genre               -0.067707  0.034910  0.072873  1.000000  0.159076   \n",
       "rating              -0.035473  0.024357 -0.001392  0.159076  1.000000   \n",
       "star                 0.022474 -0.013602  0.042772  0.010876  0.040568   \n",
       "year                 0.009746  0.007523 -0.042837 -0.075865  0.070373   \n",
       "writer               0.003733 -0.093787  0.139519 -0.033624 -0.012383   \n",
       "budget               0.079051  0.126986  0.003903 -0.377570 -0.264938   \n",
       "runtime              0.036737 -0.037793  0.020869 -0.012568  0.159248   \n",
       "score               -0.003223 -0.118752  0.084829  0.089665  0.155097   \n",
       "votes                0.004567  0.074981  0.067372 -0.141506  0.136732   \n",
       "popularity          -0.011936  0.075040 -0.001873 -0.166315 -0.055597   \n",
       "budget_norm          0.079051  0.126986  0.003903 -0.377570 -0.264938   \n",
       "runtime_norm         0.036737 -0.037793  0.020869 -0.012568  0.159248   \n",
       "score_norm          -0.003223 -0.118752  0.084829  0.089665  0.155097   \n",
       "votes_norm           0.004567  0.074981  0.067372 -0.141506  0.136732   \n",
       "popularity_norm     -0.011936  0.075040 -0.001873 -0.166315 -0.055597   \n",
       "isprofit            -0.038838  0.156762  0.012513  0.098722 -0.135264   \n",
       "profitability_ratio -0.026738  0.190426 -0.000897  0.095780 -0.143303   \n",
       "\n",
       "                         star      year    writer    budget   runtime  \\\n",
       "company              0.022474  0.009746  0.003733  0.079051  0.036737   \n",
       "country             -0.013602  0.007523 -0.093787  0.126986 -0.037793   \n",
       "director             0.042772 -0.042837  0.139519  0.003903  0.020869   \n",
       "genre                0.010876 -0.075865 -0.033624 -0.377570 -0.012568   \n",
       "rating               0.040568  0.070373 -0.012383 -0.264938  0.159248   \n",
       "star                 1.000000 -0.018655  0.018154  0.005204  0.028426   \n",
       "year                -0.018655  1.000000  0.019492  0.025814 -0.000044   \n",
       "writer               0.018154  0.019492  1.000000 -0.027208  0.024361   \n",
       "budget               0.005204  0.025814 -0.027208  1.000000  0.227837   \n",
       "runtime              0.028426 -0.000044  0.024361  0.227837  1.000000   \n",
       "score                0.036114  0.024034  0.016836 -0.103827  0.389517   \n",
       "votes                0.052301  0.080711 -0.009039  0.381706  0.256113   \n",
       "popularity           0.012286  0.113876 -0.036036  0.304581  0.119732   \n",
       "budget_norm          0.005204  0.025814 -0.027208  1.000000  0.227837   \n",
       "runtime_norm         0.028426 -0.000044  0.024361  0.227837  1.000000   \n",
       "score_norm           0.036114  0.024034  0.016836 -0.103827  0.389517   \n",
       "votes_norm           0.052301  0.080711 -0.009039  0.381706  0.256113   \n",
       "popularity_norm      0.012286  0.113876 -0.036036  0.304581  0.119732   \n",
       "isprofit            -0.019008 -0.037011 -0.016790 -0.010955 -0.058895   \n",
       "profitability_ratio  0.009492 -0.065174  0.020289 -0.046753 -0.069413   \n",
       "\n",
       "                        score     votes  popularity  budget_norm  \\\n",
       "company             -0.003223  0.004567   -0.011936     0.079051   \n",
       "country             -0.118752  0.074981    0.075040     0.126986   \n",
       "director             0.084829  0.067372   -0.001873     0.003903   \n",
       "genre                0.089665 -0.141506   -0.166315    -0.377570   \n",
       "rating               0.155097  0.136732   -0.055597    -0.264938   \n",
       "star                 0.036114  0.052301    0.012286     0.005204   \n",
       "year                 0.024034  0.080711    0.113876     0.025814   \n",
       "writer               0.016836 -0.009039   -0.036036    -0.027208   \n",
       "budget              -0.103827  0.381706    0.304581     1.000000   \n",
       "runtime              0.389517  0.256113    0.119732     0.227837   \n",
       "score                1.000000  0.443208    0.167597    -0.103827   \n",
       "votes                0.443208  1.000000    0.423996     0.381706   \n",
       "popularity           0.167597  0.423996    1.000000     0.304581   \n",
       "budget_norm         -0.103827  0.381706    0.304581     1.000000   \n",
       "runtime_norm         0.389517  0.256113    0.119732     0.227837   \n",
       "score_norm           1.000000  0.443208    0.167597    -0.103827   \n",
       "votes_norm           0.443208  1.000000    0.423996     0.381706   \n",
       "popularity_norm      0.167597  0.423996    1.000000     0.304581   \n",
       "isprofit             0.101482  0.319907    0.135519    -0.010955   \n",
       "profitability_ratio  0.127647  0.337205    0.170437    -0.046753   \n",
       "\n",
       "                     runtime_norm  score_norm  votes_norm  popularity_norm  \\\n",
       "company                  0.036737   -0.003223    0.004567        -0.011936   \n",
       "country                 -0.037793   -0.118752    0.074981         0.075040   \n",
       "director                 0.020869    0.084829    0.067372        -0.001873   \n",
       "genre                   -0.012568    0.089665   -0.141506        -0.166315   \n",
       "rating                   0.159248    0.155097    0.136732        -0.055597   \n",
       "star                     0.028426    0.036114    0.052301         0.012286   \n",
       "year                    -0.000044    0.024034    0.080711         0.113876   \n",
       "writer                   0.024361    0.016836   -0.009039        -0.036036   \n",
       "budget                   0.227837   -0.103827    0.381706         0.304581   \n",
       "runtime                  1.000000    0.389517    0.256113         0.119732   \n",
       "score                    0.389517    1.000000    0.443208         0.167597   \n",
       "votes                    0.256113    0.443208    1.000000         0.423996   \n",
       "popularity               0.119732    0.167597    0.423996         1.000000   \n",
       "budget_norm              0.227837   -0.103827    0.381706         0.304581   \n",
       "runtime_norm             1.000000    0.389517    0.256113         0.119732   \n",
       "score_norm               0.389517    1.000000    0.443208         0.167597   \n",
       "votes_norm               0.256113    0.443208    1.000000         0.423996   \n",
       "popularity_norm          0.119732    0.167597    0.423996         1.000000   \n",
       "isprofit                -0.058895    0.101482    0.319907         0.135519   \n",
       "profitability_ratio     -0.069413    0.127647    0.337205         0.170437   \n",
       "\n",
       "                     isprofit  profitability_ratio  \n",
       "company             -0.038838            -0.026738  \n",
       "country              0.156762             0.190426  \n",
       "director             0.012513            -0.000897  \n",
       "genre                0.098722             0.095780  \n",
       "rating              -0.135264            -0.143303  \n",
       "star                -0.019008             0.009492  \n",
       "year                -0.037011            -0.065174  \n",
       "writer              -0.016790             0.020289  \n",
       "budget              -0.010955            -0.046753  \n",
       "runtime             -0.058895            -0.069413  \n",
       "score                0.101482             0.127647  \n",
       "votes                0.319907             0.337205  \n",
       "popularity           0.135519             0.170437  \n",
       "budget_norm         -0.010955            -0.046753  \n",
       "runtime_norm        -0.058895            -0.069413  \n",
       "score_norm           0.101482             0.127647  \n",
       "votes_norm           0.319907             0.337205  \n",
       "popularity_norm      0.135519             0.170437  \n",
       "isprofit             1.000000             0.787005  \n",
       "profitability_ratio  0.787005             1.000000  "
      ]
     },
     "execution_count": 6,
     "metadata": {},
     "output_type": "execute_result"
    }
   ],
   "source": [
    "corr_df"
   ]
  },
  {
   "cell_type": "markdown",
   "metadata": {},
   "source": [
    "## 1.4. Heat-Map of correlation Matrix <a class=\"anchor\" id=\"14\"></a>"
   ]
  },
  {
   "cell_type": "code",
   "execution_count": 7,
   "metadata": {},
   "outputs": [
    {
     "data": {
