{
 "cells": [
  {
   "cell_type": "markdown",
   "metadata": {},
   "source": [
    "### Table of Contents:\n",
    "* [1. Feature selection and improve accuracy of data mining results ](#1)\n",
    "* &emsp;[1.1. Importing Libraries](#11)\n",
    "* &emsp;[1.2. Converting categorical data to numerical](#12)\n",
    "* &emsp;[1.3. Correlation Matrix](#13)\n",
    "* &emsp;[1.4. Heat-Map of correlation Matrix](#14)\n",
    "* &emsp;[1.5. Relevant attributes to improve the accuracy of data mining results](#15)"
   ]
  },
  {
   "cell_type": "markdown",
   "metadata": {},
   "source": [
    "# 1. Feature selection and improve accuracy of data mining results <a class=\"anchor\" id=\"1\"></a>"
   ]
  },
  {
   "cell_type": "markdown",
   "metadata": {},
   "source": [
    "Select relevant attributes from your dataset to improve the accuracy of data mining results. "
   ]
  },
  {
   "cell_type": "markdown",
   "metadata": {},
   "source": [
    "## 1.1. Importing Libraries <a class=\"anchor\" id=\"11\"></a>"
   ]
  },
  {
   "cell_type": "code",
   "execution_count": 1,
   "metadata": {},
   "outputs": [],
   "source": [
    "import pandas as pd \n",
    "import numpy as np  \n",
    "import seaborn as sns\n",
    "import matplotlib.pyplot as plt"
   ]
  },
  {
   "cell_type": "markdown",
   "metadata": {},
   "source": [
    "## 1.2. Converting categorical data to numerical <a class=\"anchor\" id=\"12\"></a>"
   ]
  },
  {
   "cell_type": "code",
   "execution_count": 2,
   "metadata": {},
   "outputs": [],
   "source": [
    "df = pd.read_csv('data/training_data.csv')"
   ]
  },
  {
   "cell_type": "code",
   "execution_count": 3,
   "metadata": {},
   "outputs": [],
   "source": [
    "categorical_features = ['company','country','director','genre','rating','released','star','year',\n",
    "                        'writer','original_title','overview','tagline','title','genres_edited',\n",
    "                        'spoken_languages_edited','production_countries_edited']\n",
    "continuous_features = ['budget','runtime','score','votes','popularity']\n",
    "normalized_features = [e+'_norm' for e in continuous_features]\n",
    "target_features = ['isprofit','profitability_ratio']\n",
    "all_features = categorical_features + continuous_features + normalized_features + target_features"
   ]
  },
  {
   "cell_type": "code",
   "execution_count": 4,
   "metadata": {},
   "outputs": [],
   "source": [
    "df['company']=df['company'].astype('category').cat.codes\n",
    "df['country']=df['country'].astype('category').cat.codes\n",
    "df['director']=df['director'].astype('category').cat.codes\n",
    "df['genre']=df['genre'].astype('category').cat.codes\n",
    "df['rating']=df['rating'].astype('category').cat.codes\n",
    "df['star']=df['star'].astype('category').cat.codes\n",
    "df['writer']=df['writer'].astype('category').cat.codes"
   ]
  },
  {
   "cell_type": "markdown",
   "metadata": {},
   "source": [
    "## 1.3. Correlation Matrix <a class=\"anchor\" id=\"13\"></a>"
   ]
  },
  {
   "cell_type": "code",
   "execution_count": 5,
   "metadata": {},
   "outputs": [],
   "source": [
    "corr_df=df[all_features].corr()"
   ]
  },
  {
   "cell_type": "code",
   "execution_count": 6,
   "metadata": {},
   "outputs": [
    {
     "data": {
      "text/html": [
       "<div>\n",
       "<style scoped>\n",
       "    .dataframe tbody tr th:only-of-type {\n",
       "        vertical-align: middle;\n",
       "    }\n",
       "\n",
       "    .dataframe tbody tr th {\n",
       "        vertical-align: top;\n",
       "    }\n",
       "\n",
       "    .dataframe thead th {\n",
       "        text-align: right;\n",
       "    }\n",
       "</style>\n",
       "<table border=\"1\" class=\"dataframe\">\n",
       "  <thead>\n",
       "    <tr style=\"text-align: right;\">\n",
       "      <th></th>\n",
       "      <th>company</th>\n",
       "      <th>country</th>\n",
       "      <th>director</th>\n",
       "      <th>genre</th>\n",
       "      <th>rating</th>\n",
       "      <th>star</th>\n",
       "      <th>year</th>\n",
       "      <th>writer</th>\n",
       "      <th>budget</th>\n",
       "      <th>runtime</th>\n",
       "      <th>score</th>\n",
       "      <th>votes</th>\n",
       "      <th>popularity</th>\n",
       "      <th>budget_norm</th>\n",
       "      <th>runtime_norm</th>\n",
       "      <th>score_norm</th>\n",
       "      <th>votes_norm</th>\n",
       "      <th>popularity_norm</th>\n",
       "      <th>isprofit</th>\n",
       "      <th>profitability_ratio</th>\n",
       "    </tr>\n",
       "  </thead>\n",
       "  <tbody>\n",
       "    <tr>\n",
       "      <th>company</th>\n",
       "      <td>1.000000</td>\n",
       "      <td>-0.012938</td>\n",
       "      <td>0.002346</td>\n",
       "      <td>-0.074377</td>\n",
       "      <td>-0.103844</td>\n",
       "      <td>0.018633</td>\n",
       "      <td>-0.016699</td>\n",
       "      <td>0.013394</td>\n",
       "      <td>0.093067</td>\n",
       "      <td>0.004868</td>\n",
       "      <td>-0.015268</td>\n",
       "      <td>0.013095</td>\n",
       "      <td>0.049055</td>\n",
       "      <td>0.093067</td>\n",
       "      <td>0.004868</td>\n",
       "      <td>-0.015268</td>\n",
       "      <td>0.013095</td>\n",
       "      <td>0.049055</td>\n",
       "      <td>0.021186</td>\n",
       "      <td>0.021449</td>\n",
       "    </tr>\n",
       "    <tr>\n",
       "      <th>country</th>\n",
       "      <td>-0.012938</td>\n",
       "      <td>1.000000</td>\n",
       "      <td>0.022567</td>\n",
       "      <td>-0.014175</td>\n",
       "      <td>0.019798</td>\n",
       "      <td>-0.042658</td>\n",
       "      <td>-0.081451</td>\n",
       "      <td>-0.015811</td>\n",
       "      <td>0.060587</td>\n",
       "      <td>-0.059856</td>\n",
       "      <td>-0.094436</td>\n",
       "      <td>0.004163</td>\n",
       "      <td>0.002100</td>\n",
       "      <td>0.060587</td>\n",
       "      <td>-0.059856</td>\n",
       "      <td>-0.094436</td>\n",
       "      <td>0.004163</td>\n",
       "      <td>0.002100</td>\n",
       "      <td>0.130571</td>\n",
       "      <td>0.156553</td>\n",
       "    </tr>\n",
       "    <tr>\n",
       "      <th>director</th>\n",
       "      <td>0.002346</td>\n",
       "      <td>0.022567</td>\n",
       "      <td>1.000000</td>\n",
       "      <td>0.062033</td>\n",
       "      <td>0.009015</td>\n",
       "      <td>0.057514</td>\n",
       "      <td>-0.001835</td>\n",
       "      <td>0.124777</td>\n",
       "      <td>-0.000978</td>\n",
       "      <td>0.065077</td>\n",
       "      <td>0.073383</td>\n",
       "      <td>0.056536</td>\n",
       "      <td>0.035445</td>\n",
       "      <td>-0.000978</td>\n",
       "      <td>0.065077</td>\n",
       "      <td>0.073383</td>\n",
       "      <td>0.056536</td>\n",
       "      <td>0.035445</td>\n",
       "      <td>-0.014086</td>\n",
       "      <td>0.013977</td>\n",
       "    </tr>\n",
       "    <tr>\n",
       "      <th>genre</th>\n",
       "      <td>-0.074377</td>\n",
       "      <td>-0.014175</td>\n",
       "      <td>0.062033</td>\n",
       "      <td>1.000000</td>\n",
       "      <td>0.139469</td>\n",
       "      <td>0.012105</td>\n",
       "      <td>0.021860</td>\n",
       "      <td>0.004368</td>\n",
       "      <td>-0.285234</td>\n",
       "      <td>0.032357</td>\n",
       "      <td>0.096274</td>\n",
       "      <td>-0.107307</td>\n",
       "      <td>-0.140125</td>\n",
       "      <td>-0.285234</td>\n",
       "      <td>0.032357</td>\n",
       "      <td>0.096274</td>\n",
       "      <td>-0.107307</td>\n",
       "      <td>-0.140125</td>\n",
       "      <td>0.026317</td>\n",
       "      <td>0.044542</td>\n",
       "    </tr>\n",
       "    <tr>\n",
       "      <th>rating</th>\n",
       "      <td>-0.103844</td>\n",
       "      <td>0.019798</td>\n",
       "      <td>0.009015</td>\n",
       "      <td>0.139469</td>\n",
       "      <td>1.000000</td>\n",
       "      <td>0.012454</td>\n",
       "      <td>-0.044631</td>\n",
       "      <td>-0.012443</td>\n",
       "      <td>-0.197102</td>\n",
       "      <td>0.188338</td>\n",
       "      <td>0.126715</td>\n",
       "      <td>0.069901</td>\n",
       "      <td>-0.043278</td>\n",
       "      <td>-0.197102</td>\n",
       "      <td>0.188338</td>\n",
       "      <td>0.126715</td>\n",
       "      <td>0.069901</td>\n",
       "      <td>-0.043278</td>\n",
       "      <td>-0.077240</td>\n",
       "      <td>-0.090356</td>\n",
       "    </tr>\n",
       "    <tr>\n",
       "      <th>star</th>\n",
       "      <td>0.018633</td>\n",
       "      <td>-0.042658</td>\n",
       "      <td>0.057514</td>\n",
       "      <td>0.012105</td>\n",
       "      <td>0.012454</td>\n",
       "      <td>1.000000</td>\n",
       "      <td>-0.011277</td>\n",
       "      <td>-0.000897</td>\n",
       "      <td>0.032475</td>\n",
       "      <td>0.059512</td>\n",
       "      <td>0.040870</td>\n",
       "      <td>0.018101</td>\n",
       "      <td>0.007411</td>\n",
       "      <td>0.032475</td>\n",
       "      <td>0.059512</td>\n",
       "      <td>0.040870</td>\n",
       "      <td>0.018101</td>\n",
       "      <td>0.007411</td>\n",
       "      <td>-0.019408</td>\n",
       "      <td>-0.016908</td>\n",
       "    </tr>\n",
       "    <tr>\n",
       "      <th>year</th>\n",
       "      <td>-0.016699</td>\n",
       "      <td>-0.081451</td>\n",
       "      <td>-0.001835</td>\n",
       "      <td>0.021860</td>\n",
       "      <td>-0.044631</td>\n",
       "      <td>-0.011277</td>\n",
       "      <td>1.000000</td>\n",
       "      <td>-0.002040</td>\n",
       "      <td>0.234016</td>\n",
       "      <td>-0.019349</td>\n",
       "      <td>0.019356</td>\n",
       "      <td>0.301075</td>\n",
       "      <td>0.213083</td>\n",
       "      <td>0.234016</td>\n",
       "      <td>-0.019349</td>\n",
       "      <td>0.019356</td>\n",
       "      <td>0.301075</td>\n",
       "      <td>0.213083</td>\n",
       "      <td>-0.056462</td>\n",
       "      <td>-0.120600</td>\n",
       "    </tr>\n",
       "    <tr>\n",
       "      <th>writer</th>\n",
       "      <td>0.013394</td>\n",
       "      <td>-0.015811</td>\n",
       "      <td>0.124777</td>\n",
       "      <td>0.004368</td>\n",
       "      <td>-0.012443</td>\n",
       "      <td>-0.000897</td>\n",
       "      <td>-0.002040</td>\n",
       "      <td>1.000000</td>\n",
       "      <td>-0.034652</td>\n",
       "      <td>-0.002420</td>\n",
       "      <td>0.028391</td>\n",
       "      <td>0.003408</td>\n",
       "      <td>-0.015689</td>\n",
       "      <td>-0.034652</td>\n",
       "      <td>-0.002420</td>\n",
       "      <td>0.028391</td>\n",
       "      <td>0.003408</td>\n",
       "      <td>-0.015689</td>\n",
       "      <td>-0.002924</td>\n",
       "      <td>0.033549</td>\n",
       "    </tr>\n",
       "    <tr>\n",
       "      <th>budget</th>\n",
       "      <td>0.093067</td>\n",
       "      <td>0.060587</td>\n",
       "      <td>-0.000978</td>\n",
       "      <td>-0.285234</td>\n",
       "      <td>-0.197102</td>\n",
       "      <td>0.032475</td>\n",
       "      <td>0.234016</td>\n",
       "      <td>-0.034652</td>\n",
       "      <td>1.000000</td>\n",
       "      <td>0.255738</td>\n",
       "      <td>-0.093279</td>\n",
       "      <td>0.383897</td>\n",
       "      <td>0.340347</td>\n",
       "      <td>1.000000</td>\n",
       "      <td>0.255738</td>\n",
       "      <td>-0.093279</td>\n",
       "      <td>0.383897</td>\n",
       "      <td>0.340347</td>\n",
       "      <td>-0.068024</td>\n",
       "      <td>-0.132659</td>\n",
       "    </tr>\n",
       "    <tr>\n",
       "      <th>runtime</th>\n",
       "      <td>0.004868</td>\n",
       "      <td>-0.059856</td>\n",
       "      <td>0.065077</td>\n",
       "      <td>0.032357</td>\n",
       "      <td>0.188338</td>\n",
       "      <td>0.059512</td>\n",
       "      <td>-0.019349</td>\n",
       "      <td>-0.002420</td>\n",
       "      <td>0.255738</td>\n",
       "      <td>1.000000</td>\n",
       "      <td>0.388298</td>\n",
       "      <td>0.207235</td>\n",
       "      <td>0.116976</td>\n",
       "      <td>0.255738</td>\n",
       "      <td>1.000000</td>\n",
       "      <td>0.388298</td>\n",
       "      <td>0.207235</td>\n",
       "      <td>0.116976</td>\n",
       "      <td>-0.035972</td>\n",
       "      <td>-0.043221</td>\n",
       "    </tr>\n",
       "    <tr>\n",
       "      <th>score</th>\n",
       "      <td>-0.015268</td>\n",
       "      <td>-0.094436</td>\n",
       "      <td>0.073383</td>\n",
       "      <td>0.096274</td>\n",
       "      <td>0.126715</td>\n",
       "      <td>0.040870</td>\n",
       "      <td>0.019356</td>\n",
       "      <td>0.028391</td>\n",
       "      <td>-0.093279</td>\n",
       "      <td>0.388298</td>\n",
       "      <td>1.000000</td>\n",
       "      <td>0.428406</td>\n",
       "      <td>0.217656</td>\n",
       "      <td>-0.093279</td>\n",
       "      <td>0.388298</td>\n",
       "      <td>1.000000</td>\n",
       "      <td>0.428406</td>\n",
       "      <td>0.217656</td>\n",
       "      <td>0.130294</td>\n",
       "      <td>0.137304</td>\n",
       "    </tr>\n",
       "    <tr>\n",
       "      <th>votes</th>\n",
       "      <td>0.013095</td>\n",
       "      <td>0.004163</td>\n",
       "      <td>0.056536</td>\n",
       "      <td>-0.107307</td>\n",
       "      <td>0.069901</td>\n",
       "      <td>0.018101</td>\n",
       "      <td>0.301075</td>\n",
       "      <td>0.003408</td>\n",
       "      <td>0.383897</td>\n",
       "      <td>0.207235</td>\n",
       "      <td>0.428406</td>\n",
       "      <td>1.000000</td>\n",
       "      <td>0.506230</td>\n",
       "      <td>0.383897</td>\n",
       "      <td>0.207235</td>\n",
       "      <td>0.428406</td>\n",
       "      <td>1.000000</td>\n",
       "      <td>0.506230</td>\n",
       "      <td>0.281579</td>\n",
       "      <td>0.266236</td>\n",
       "    </tr>\n",
       "    <tr>\n",
       "      <th>popularity</th>\n",
       "      <td>0.049055</td>\n",
       "      <td>0.002100</td>\n",
       "      <td>0.035445</td>\n",
       "      <td>-0.140125</td>\n",
       "      <td>-0.043278</td>\n",
       "      <td>0.007411</td>\n",
       "      <td>0.213083</td>\n",
       "      <td>-0.015689</td>\n",
       "      <td>0.340347</td>\n",
       "      <td>0.116976</td>\n",
       "      <td>0.217656</td>\n",
       "      <td>0.506230</td>\n",
       "      <td>1.000000</td>\n",
       "      <td>0.340347</td>\n",
       "      <td>0.116976</td>\n",
       "      <td>0.217656</td>\n",
       "      <td>0.506230</td>\n",
       "      <td>1.000000</td>\n",
       "      <td>0.179972</td>\n",
       "      <td>0.173580</td>\n",
       "    </tr>\n",
       "    <tr>\n",
       "      <th>budget_norm</th>\n",
       "      <td>0.093067</td>\n",
       "      <td>0.060587</td>\n",
       "      <td>-0.000978</td>\n",
       "      <td>-0.285234</td>\n",
       "      <td>-0.197102</td>\n",
       "      <td>0.032475</td>\n",
       "      <td>0.234016</td>\n",
       "      <td>-0.034652</td>\n",
       "      <td>1.000000</td>\n",
       "      <td>0.255738</td>\n",
       "      <td>-0.093279</td>\n",
       "      <td>0.383897</td>\n",
       "      <td>0.340347</td>\n",
       "      <td>1.000000</td>\n",
       "      <td>0.255738</td>\n",
       "      <td>-0.093279</td>\n",
       "      <td>0.383897</td>\n",
       "      <td>0.340347</td>\n",
       "      <td>-0.068024</td>\n",
       "      <td>-0.132659</td>\n",
       "    </tr>\n",
       "    <tr>\n",
       "      <th>runtime_norm</th>\n",
       "      <td>0.004868</td>\n",
       "      <td>-0.059856</td>\n",
       "      <td>0.065077</td>\n",
       "      <td>0.032357</td>\n",
       "      <td>0.188338</td>\n",
       "      <td>0.059512</td>\n",
       "      <td>-0.019349</td>\n",
       "      <td>-0.002420</td>\n",
       "      <td>0.255738</td>\n",
       "      <td>1.000000</td>\n",
       "      <td>0.388298</td>\n",
       "      <td>0.207235</td>\n",
       "      <td>0.116976</td>\n",
       "      <td>0.255738</td>\n",
       "      <td>1.000000</td>\n",
       "      <td>0.388298</td>\n",
       "      <td>0.207235</td>\n",
       "      <td>0.116976</td>\n",
       "      <td>-0.035972</td>\n",
       "      <td>-0.043221</td>\n",
       "    </tr>\n",
       "    <tr>\n",
       "      <th>score_norm</th>\n",
       "      <td>-0.015268</td>\n",
       "      <td>-0.094436</td>\n",
       "      <td>0.073383</td>\n",
       "      <td>0.096274</td>\n",
       "      <td>0.126715</td>\n",
       "      <td>0.040870</td>\n",
       "      <td>0.019356</td>\n",
       "      <td>0.028391</td>\n",
       "      <td>-0.093279</td>\n",
       "      <td>0.388298</td>\n",
       "      <td>1.000000</td>\n",
       "      <td>0.428406</td>\n",
       "      <td>0.217656</td>\n",
       "      <td>-0.093279</td>\n",
       "      <td>0.388298</td>\n",
       "      <td>1.000000</td>\n",
       "      <td>0.428406</td>\n",
       "      <td>0.217656</td>\n",
       "      <td>0.130294</td>\n",
       "      <td>0.137304</td>\n",
       "    </tr>\n",
       "    <tr>\n",
       "      <th>votes_norm</th>\n",
       "      <td>0.013095</td>\n",
       "      <td>0.004163</td>\n",
       "      <td>0.056536</td>\n",
       "      <td>-0.107307</td>\n",
       "      <td>0.069901</td>\n",
       "      <td>0.018101</td>\n",
       "      <td>0.301075</td>\n",
       "      <td>0.003408</td>\n",
       "      <td>0.383897</td>\n",
       "      <td>0.207235</td>\n",
       "      <td>0.428406</td>\n",
       "      <td>1.000000</td>\n",
       "      <td>0.506230</td>\n",
       "      <td>0.383897</td>\n",
       "      <td>0.207235</td>\n",
       "      <td>0.428406</td>\n",
       "      <td>1.000000</td>\n",
       "      <td>0.506230</td>\n",
       "      <td>0.281579</td>\n",
       "      <td>0.266236</td>\n",
       "    </tr>\n",
       "    <tr>\n",
       "      <th>popularity_norm</th>\n",
       "      <td>0.049055</td>\n",
       "      <td>0.002100</td>\n",
       "      <td>0.035445</td>\n",
       "      <td>-0.140125</td>\n",
       "      <td>-0.043278</td>\n",
       "      <td>0.007411</td>\n",
       "      <td>0.213083</td>\n",
       "      <td>-0.015689</td>\n",
       "      <td>0.340347</td>\n",
       "      <td>0.116976</td>\n",
       "      <td>0.217656</td>\n",
       "      <td>0.506230</td>\n",
       "      <td>1.000000</td>\n",
       "      <td>0.340347</td>\n",
       "      <td>0.116976</td>\n",
       "      <td>0.217656</td>\n",
       "      <td>0.506230</td>\n",
       "      <td>1.000000</td>\n",
       "      <td>0.179972</td>\n",
       "      <td>0.173580</td>\n",
       "    </tr>\n",
       "    <tr>\n",
       "      <th>isprofit</th>\n",
       "      <td>0.021186</td>\n",
       "      <td>0.130571</td>\n",
       "      <td>-0.014086</td>\n",
       "      <td>0.026317</td>\n",
       "      <td>-0.077240</td>\n",
       "      <td>-0.019408</td>\n",
       "      <td>-0.056462</td>\n",
       "      <td>-0.002924</td>\n",
       "      <td>-0.068024</td>\n",
       "      <td>-0.035972</td>\n",
       "      <td>0.130294</td>\n",
       "      <td>0.281579</td>\n",
       "      <td>0.179972</td>\n",
       "      <td>-0.068024</td>\n",
       "      <td>-0.035972</td>\n",
       "      <td>0.130294</td>\n",
       "      <td>0.281579</td>\n",
       "      <td>0.179972</td>\n",
       "      <td>1.000000</td>\n",
       "      <td>0.775020</td>\n",
       "    </tr>\n",
       "    <tr>\n",
       "      <th>profitability_ratio</th>\n",
       "      <td>0.021449</td>\n",
       "      <td>0.156553</td>\n",
       "      <td>0.013977</td>\n",
       "      <td>0.044542</td>\n",
       "      <td>-0.090356</td>\n",
       "      <td>-0.016908</td>\n",
       "      <td>-0.120600</td>\n",
       "      <td>0.033549</td>\n",
       "      <td>-0.132659</td>\n",
       "      <td>-0.043221</td>\n",
       "      <td>0.137304</td>\n",
       "      <td>0.266236</td>\n",
       "      <td>0.173580</td>\n",
       "      <td>-0.132659</td>\n",
       "      <td>-0.043221</td>\n",
       "      <td>0.137304</td>\n",
       "      <td>0.266236</td>\n",
       "      <td>0.173580</td>\n",
       "      <td>0.775020</td>\n",
       "      <td>1.000000</td>\n",
       "    </tr>\n",
       "  </tbody>\n",
       "</table>\n",
       "</div>"
      ],
      "text/plain": [
       "                      company   country  director     genre    rating  \\\n",
       "company              1.000000 -0.012938  0.002346 -0.074377 -0.103844   \n",
       "country             -0.012938  1.000000  0.022567 -0.014175  0.019798   \n",
       "director             0.002346  0.022567  1.000000  0.062033  0.009015   \n",
       "genre               -0.074377 -0.014175  0.062033  1.000000  0.139469   \n",
       "rating              -0.103844  0.019798  0.009015  0.139469  1.000000   \n",
       "star                 0.018633 -0.042658  0.057514  0.012105  0.012454   \n",
       "year                -0.016699 -0.081451 -0.001835  0.021860 -0.044631   \n",
       "writer               0.013394 -0.015811  0.124777  0.004368 -0.012443   \n",
       "budget               0.093067  0.060587 -0.000978 -0.285234 -0.197102   \n",
       "runtime              0.004868 -0.059856  0.065077  0.032357  0.188338   \n",
       "score               -0.015268 -0.094436  0.073383  0.096274  0.126715   \n",
       "votes                0.013095  0.004163  0.056536 -0.107307  0.069901   \n",
       "popularity           0.049055  0.002100  0.035445 -0.140125 -0.043278   \n",
       "budget_norm          0.093067  0.060587 -0.000978 -0.285234 -0.197102   \n",
       "runtime_norm         0.004868 -0.059856  0.065077  0.032357  0.188338   \n",
       "score_norm          -0.015268 -0.094436  0.073383  0.096274  0.126715   \n",
       "votes_norm           0.013095  0.004163  0.056536 -0.107307  0.069901   \n",
       "popularity_norm      0.049055  0.002100  0.035445 -0.140125 -0.043278   \n",
       "isprofit             0.021186  0.130571 -0.014086  0.026317 -0.077240   \n",
       "profitability_ratio  0.021449  0.156553  0.013977  0.044542 -0.090356   \n",
       "\n",
       "                         star      year    writer    budget   runtime  \\\n",
       "company              0.018633 -0.016699  0.013394  0.093067  0.004868   \n",
       "country             -0.042658 -0.081451 -0.015811  0.060587 -0.059856   \n",
       "director             0.057514 -0.001835  0.124777 -0.000978  0.065077   \n",
       "genre                0.012105  0.021860  0.004368 -0.285234  0.032357   \n",
       "rating               0.012454 -0.044631 -0.012443 -0.197102  0.188338   \n",
       "star                 1.000000 -0.011277 -0.000897  0.032475  0.059512   \n",
       "year                -0.011277  1.000000 -0.002040  0.234016 -0.019349   \n",
       "writer              -0.000897 -0.002040  1.000000 -0.034652 -0.002420   \n",
       "budget               0.032475  0.234016 -0.034652  1.000000  0.255738   \n",
       "runtime              0.059512 -0.019349 -0.002420  0.255738  1.000000   \n",
       "score                0.040870  0.019356  0.028391 -0.093279  0.388298   \n",
       "votes                0.018101  0.301075  0.003408  0.383897  0.207235   \n",
       "popularity           0.007411  0.213083 -0.015689  0.340347  0.116976   \n",
       "budget_norm          0.032475  0.234016 -0.034652  1.000000  0.255738   \n",
       "runtime_norm         0.059512 -0.019349 -0.002420  0.255738  1.000000   \n",
       "score_norm           0.040870  0.019356  0.028391 -0.093279  0.388298   \n",
       "votes_norm           0.018101  0.301075  0.003408  0.383897  0.207235   \n",
       "popularity_norm      0.007411  0.213083 -0.015689  0.340347  0.116976   \n",
       "isprofit            -0.019408 -0.056462 -0.002924 -0.068024 -0.035972   \n",
       "profitability_ratio -0.016908 -0.120600  0.033549 -0.132659 -0.043221   \n",
       "\n",
       "                        score     votes  popularity  budget_norm  \\\n",
       "company             -0.015268  0.013095    0.049055     0.093067   \n",
       "country             -0.094436  0.004163    0.002100     0.060587   \n",
       "director             0.073383  0.056536    0.035445    -0.000978   \n",
       "genre                0.096274 -0.107307   -0.140125    -0.285234   \n",
       "rating               0.126715  0.069901   -0.043278    -0.197102   \n",
       "star                 0.040870  0.018101    0.007411     0.032475   \n",
       "year                 0.019356  0.301075    0.213083     0.234016   \n",
       "writer               0.028391  0.003408   -0.015689    -0.034652   \n",
       "budget              -0.093279  0.383897    0.340347     1.000000   \n",
       "runtime              0.388298  0.207235    0.116976     0.255738   \n",
       "score                1.000000  0.428406    0.217656    -0.093279   \n",
       "votes                0.428406  1.000000    0.506230     0.383897   \n",
       "popularity           0.217656  0.506230    1.000000     0.340347   \n",
       "budget_norm         -0.093279  0.383897    0.340347     1.000000   \n",
       "runtime_norm         0.388298  0.207235    0.116976     0.255738   \n",
       "score_norm           1.000000  0.428406    0.217656    -0.093279   \n",
       "votes_norm           0.428406  1.000000    0.506230     0.383897   \n",
       "popularity_norm      0.217656  0.506230    1.000000     0.340347   \n",
       "isprofit             0.130294  0.281579    0.179972    -0.068024   \n",
       "profitability_ratio  0.137304  0.266236    0.173580    -0.132659   \n",
       "\n",
       "                     runtime_norm  score_norm  votes_norm  popularity_norm  \\\n",
       "company                  0.004868   -0.015268    0.013095         0.049055   \n",
       "country                 -0.059856   -0.094436    0.004163         0.002100   \n",
       "director                 0.065077    0.073383    0.056536         0.035445   \n",
       "genre                    0.032357    0.096274   -0.107307        -0.140125   \n",
       "rating                   0.188338    0.126715    0.069901        -0.043278   \n",
       "star                     0.059512    0.040870    0.018101         0.007411   \n",
       "year                    -0.019349    0.019356    0.301075         0.213083   \n",
       "writer                  -0.002420    0.028391    0.003408        -0.015689   \n",
       "budget                   0.255738   -0.093279    0.383897         0.340347   \n",
       "runtime                  1.000000    0.388298    0.207235         0.116976   \n",
       "score                    0.388298    1.000000    0.428406         0.217656   \n",
       "votes                    0.207235    0.428406    1.000000         0.506230   \n",
       "popularity               0.116976    0.217656    0.506230         1.000000   \n",
       "budget_norm              0.255738   -0.093279    0.383897         0.340347   \n",
       "runtime_norm             1.000000    0.388298    0.207235         0.116976   \n",
       "score_norm               0.388298    1.000000    0.428406         0.217656   \n",
       "votes_norm               0.207235    0.428406    1.000000         0.506230   \n",
       "popularity_norm          0.116976    0.217656    0.506230         1.000000   \n",
       "isprofit                -0.035972    0.130294    0.281579         0.179972   \n",
       "profitability_ratio     -0.043221    0.137304    0.266236         0.173580   \n",
       "\n",
       "                     isprofit  profitability_ratio  \n",
       "company              0.021186             0.021449  \n",
       "country              0.130571             0.156553  \n",
       "director            -0.014086             0.013977  \n",
       "genre                0.026317             0.044542  \n",
       "rating              -0.077240            -0.090356  \n",
       "star                -0.019408            -0.016908  \n",
       "year                -0.056462            -0.120600  \n",
       "writer              -0.002924             0.033549  \n",
       "budget              -0.068024            -0.132659  \n",
       "runtime             -0.035972            -0.043221  \n",
       "score                0.130294             0.137304  \n",
       "votes                0.281579             0.266236  \n",
       "popularity           0.179972             0.173580  \n",
       "budget_norm         -0.068024            -0.132659  \n",
       "runtime_norm        -0.035972            -0.043221  \n",
       "score_norm           0.130294             0.137304  \n",
       "votes_norm           0.281579             0.266236  \n",
       "popularity_norm      0.179972             0.173580  \n",
       "isprofit             1.000000             0.775020  \n",
       "profitability_ratio  0.775020             1.000000  "
      ]
     },
     "execution_count": 6,
     "metadata": {},
     "output_type": "execute_result"
    }
   ],
   "source": [
    "corr_df"
   ]
  },
  {
   "cell_type": "markdown",
   "metadata": {},
   "source": [
    "## 1.4. Heat-Map of correlation Matrix <a class=\"anchor\" id=\"14\"></a>"
   ]
  },
  {
   "cell_type": "code",
   "execution_count": 7,
   "metadata": {},
   "outputs": [
    {
     "data": {
