{
 "cells": [
  {
   "cell_type": "markdown",
   "metadata": {},
   "source": [
    "### Table of Contents:\n",
    "* [1. Feature selection and improve accuracy of data mining results ](#1)\n",
    "* &emsp;[1.1. Importing Libraries](#11)\n",
    "* &emsp;[1.2. Converting categorical data to numerical](#12)\n",
    "* &emsp;[1.3. Correlation Matrix](#13)\n",
    "* &emsp;[1.4. Heat-Map of correlation Matrix](#14)\n",
    "* &emsp;[1.5. Relevant attributes to improve the accuracy of data mining results](#15)"
   ]
  },
  {
   "cell_type": "markdown",
   "metadata": {},
   "source": [
    "# 1. Feature selection and improve accuracy of data mining results <a class=\"anchor\" id=\"1\"></a>"
   ]
  },
  {
   "cell_type": "markdown",
   "metadata": {},
   "source": [
    "Select relevant attributes from your dataset to improve the accuracy of data mining results. "
   ]
  },
  {
   "cell_type": "markdown",
   "metadata": {},
   "source": [
    "## 1.1. Importing Libraries <a class=\"anchor\" id=\"11\"></a>"
   ]
  },
  {
   "cell_type": "code",
   "execution_count": 1,
   "metadata": {},
   "outputs": [],
   "source": [
    "import pandas as pd \n",
    "import numpy as np  \n",
    "import seaborn as sns\n",
    "import matplotlib.pyplot as plt"
   ]
  },
  {
   "cell_type": "markdown",
   "metadata": {},
   "source": [
    "## 1.2. Converting categorical data to numerical <a class=\"anchor\" id=\"12\"></a>"
   ]
  },
  {
   "cell_type": "code",
   "execution_count": 2,
   "metadata": {},
   "outputs": [],
   "source": [
    "df = pd.read_csv('data/training_data.csv')"
   ]
  },
  {
   "cell_type": "code",
   "execution_count": 3,
   "metadata": {},
   "outputs": [],
   "source": [
    "categorical_features = ['company','country','director','genre','rating','released','star','year',\n",
    "                        'writer','original_title','overview','tagline','title','genres_edited',\n",
    "                        'spoken_languages_edited','production_countries_edited','keywords_edited']\n",
    "continuous_features = ['budget','runtime','score','votes','popularity']\n",
    "normalized_features = [e+'_norm' for e in continuous_features]\n",
    "target_features = ['isprofit','profitability_ratio']\n",
    "all_features = categorical_features + continuous_features + normalized_features + target_features"
   ]
  },
  {
   "cell_type": "code",
   "execution_count": 4,
   "metadata": {},
   "outputs": [],
   "source": [
    "df['company']=df['company'].astype('category').cat.codes\n",
    "df['country']=df['country'].astype('category').cat.codes\n",
    "df['director']=df['director'].astype('category').cat.codes\n",
    "df['genre']=df['genre'].astype('category').cat.codes\n",
    "df['rating']=df['rating'].astype('category').cat.codes\n",
    "df['star']=df['star'].astype('category').cat.codes\n",
    "df['writer']=df['writer'].astype('category').cat.codes"
   ]
  },
  {
   "cell_type": "markdown",
   "metadata": {},
   "source": [
    "## 1.3. Correlation Matrix <a class=\"anchor\" id=\"13\"></a>"
   ]
  },
  {
   "cell_type": "code",
   "execution_count": 5,
   "metadata": {},
   "outputs": [],
   "source": [
    "corr_df=df[all_features].corr()"
   ]
  },
  {
   "cell_type": "code",
   "execution_count": 6,
   "metadata": {},
   "outputs": [
    {
     "data": {
      "text/html": [
       "<div>\n",
       "<style scoped>\n",
       "    .dataframe tbody tr th:only-of-type {\n",
       "        vertical-align: middle;\n",
       "    }\n",
       "\n",
       "    .dataframe tbody tr th {\n",
       "        vertical-align: top;\n",
       "    }\n",
       "\n",
       "    .dataframe thead th {\n",
       "        text-align: right;\n",
       "    }\n",
       "</style>\n",
       "<table border=\"1\" class=\"dataframe\">\n",
       "  <thead>\n",
       "    <tr style=\"text-align: right;\">\n",
       "      <th></th>\n",
       "      <th>company</th>\n",
       "      <th>country</th>\n",
       "      <th>director</th>\n",
       "      <th>genre</th>\n",
       "      <th>rating</th>\n",
       "      <th>star</th>\n",
       "      <th>year</th>\n",
       "      <th>writer</th>\n",
       "      <th>budget</th>\n",
       "      <th>runtime</th>\n",
       "      <th>score</th>\n",
       "      <th>votes</th>\n",
       "      <th>popularity</th>\n",
       "      <th>budget_norm</th>\n",
       "      <th>runtime_norm</th>\n",
       "      <th>score_norm</th>\n",
       "      <th>votes_norm</th>\n",
       "      <th>popularity_norm</th>\n",
       "      <th>isprofit</th>\n",
       "      <th>profitability_ratio</th>\n",
       "    </tr>\n",
       "  </thead>\n",
       "  <tbody>\n",
       "    <tr>\n",
       "      <th>company</th>\n",
       "      <td>1.000000</td>\n",
       "      <td>-0.017782</td>\n",
       "      <td>0.002874</td>\n",
       "      <td>-0.073149</td>\n",
       "      <td>-0.101551</td>\n",
       "      <td>0.023274</td>\n",
       "      <td>-0.024054</td>\n",
       "      <td>0.012118</td>\n",
       "      <td>0.097531</td>\n",
       "      <td>0.005454</td>\n",
       "      <td>-0.015315</td>\n",
       "      <td>0.019071</td>\n",
       "      <td>0.049744</td>\n",
       "      <td>0.097531</td>\n",
       "      <td>0.005454</td>\n",
       "      <td>-0.015315</td>\n",
       "      <td>0.019071</td>\n",
       "      <td>0.049744</td>\n",
       "      <td>0.022694</td>\n",
       "      <td>0.018585</td>\n",
       "    </tr>\n",
       "    <tr>\n",
       "      <th>country</th>\n",
       "      <td>-0.017782</td>\n",
       "      <td>1.000000</td>\n",
       "      <td>0.018204</td>\n",
       "      <td>-0.002472</td>\n",
       "      <td>0.026836</td>\n",
       "      <td>-0.045394</td>\n",
       "      <td>-0.077195</td>\n",
       "      <td>-0.018488</td>\n",
       "      <td>0.059626</td>\n",
       "      <td>-0.056416</td>\n",
       "      <td>-0.085744</td>\n",
       "      <td>0.008901</td>\n",
       "      <td>0.007047</td>\n",
       "      <td>0.059626</td>\n",
       "      <td>-0.056416</td>\n",
       "      <td>-0.085744</td>\n",
       "      <td>0.008901</td>\n",
       "      <td>0.007047</td>\n",
       "      <td>0.129073</td>\n",
       "      <td>0.156783</td>\n",
       "    </tr>\n",
       "    <tr>\n",
       "      <th>director</th>\n",
       "      <td>0.002874</td>\n",
       "      <td>0.018204</td>\n",
       "      <td>1.000000</td>\n",
       "      <td>0.070478</td>\n",
       "      <td>0.014242</td>\n",
       "      <td>0.057815</td>\n",
       "      <td>-0.004846</td>\n",
       "      <td>0.126109</td>\n",
       "      <td>-0.001278</td>\n",
       "      <td>0.065080</td>\n",
       "      <td>0.075730</td>\n",
       "      <td>0.063488</td>\n",
       "      <td>0.038147</td>\n",
       "      <td>-0.001278</td>\n",
       "      <td>0.065080</td>\n",
       "      <td>0.075730</td>\n",
       "      <td>0.063488</td>\n",
       "      <td>0.038147</td>\n",
       "      <td>-0.018902</td>\n",
       "      <td>0.013691</td>\n",
       "    </tr>\n",
       "    <tr>\n",
       "      <th>genre</th>\n",
       "      <td>-0.073149</td>\n",
       "      <td>-0.002472</td>\n",
       "      <td>0.070478</td>\n",
       "      <td>1.000000</td>\n",
       "      <td>0.145487</td>\n",
       "      <td>0.012269</td>\n",
       "      <td>0.019018</td>\n",
       "      <td>0.007385</td>\n",
       "      <td>-0.285296</td>\n",
       "      <td>0.030601</td>\n",
       "      <td>0.095737</td>\n",
       "      <td>-0.104413</td>\n",
       "      <td>-0.142618</td>\n",
       "      <td>-0.285296</td>\n",
       "      <td>0.030601</td>\n",
       "      <td>0.095737</td>\n",
       "      <td>-0.104413</td>\n",
       "      <td>-0.142618</td>\n",
       "      <td>0.029489</td>\n",
       "      <td>0.047263</td>\n",
       "    </tr>\n",
       "    <tr>\n",
       "      <th>rating</th>\n",
       "      <td>-0.101551</td>\n",
       "      <td>0.026836</td>\n",
       "      <td>0.014242</td>\n",
       "      <td>0.145487</td>\n",
       "      <td>1.000000</td>\n",
       "      <td>0.012840</td>\n",
       "      <td>-0.041962</td>\n",
       "      <td>-0.004130</td>\n",
       "      <td>-0.197965</td>\n",
       "      <td>0.188227</td>\n",
       "      <td>0.127476</td>\n",
       "      <td>0.073216</td>\n",
       "      <td>-0.045281</td>\n",
       "      <td>-0.197965</td>\n",
       "      <td>0.188227</td>\n",
       "      <td>0.127476</td>\n",
       "      <td>0.073216</td>\n",
       "      <td>-0.045281</td>\n",
       "      <td>-0.080832</td>\n",
       "      <td>-0.091355</td>\n",
       "    </tr>\n",
       "    <tr>\n",
       "      <th>star</th>\n",
       "      <td>0.023274</td>\n",
       "      <td>-0.045394</td>\n",
       "      <td>0.057815</td>\n",
       "      <td>0.012269</td>\n",
       "      <td>0.012840</td>\n",
       "      <td>1.000000</td>\n",
       "      <td>-0.011091</td>\n",
       "      <td>-0.000693</td>\n",
       "      <td>0.026384</td>\n",
       "      <td>0.054634</td>\n",
       "      <td>0.043207</td>\n",
       "      <td>0.019481</td>\n",
       "      <td>0.000969</td>\n",
       "      <td>0.026384</td>\n",
       "      <td>0.054634</td>\n",
       "      <td>0.043207</td>\n",
       "      <td>0.019481</td>\n",
       "      <td>0.000969</td>\n",
       "      <td>-0.016117</td>\n",
       "      <td>-0.014121</td>\n",
       "    </tr>\n",
       "    <tr>\n",
       "      <th>year</th>\n",
       "      <td>-0.024054</td>\n",
       "      <td>-0.077195</td>\n",
       "      <td>-0.004846</td>\n",
       "      <td>0.019018</td>\n",
       "      <td>-0.041962</td>\n",
       "      <td>-0.011091</td>\n",
       "      <td>1.000000</td>\n",
       "      <td>-0.012606</td>\n",
       "      <td>0.233329</td>\n",
       "      <td>-0.021891</td>\n",
       "      <td>0.017631</td>\n",
       "      <td>0.299654</td>\n",
       "      <td>0.200500</td>\n",
       "      <td>0.233329</td>\n",
       "      <td>-0.021891</td>\n",
       "      <td>0.017631</td>\n",
       "      <td>0.299654</td>\n",
       "      <td>0.200500</td>\n",
       "      <td>-0.065895</td>\n",
       "      <td>-0.133509</td>\n",
       "    </tr>\n",
       "    <tr>\n",
       "      <th>writer</th>\n",
       "      <td>0.012118</td>\n",
       "      <td>-0.018488</td>\n",
       "      <td>0.126109</td>\n",
       "      <td>0.007385</td>\n",
       "      <td>-0.004130</td>\n",
       "      <td>-0.000693</td>\n",
       "      <td>-0.012606</td>\n",
       "      <td>1.000000</td>\n",
       "      <td>-0.040317</td>\n",
       "      <td>-0.002660</td>\n",
       "      <td>0.034381</td>\n",
       "      <td>0.008656</td>\n",
       "      <td>-0.011702</td>\n",
       "      <td>-0.040317</td>\n",
       "      <td>-0.002660</td>\n",
       "      <td>0.034381</td>\n",
       "      <td>0.008656</td>\n",
       "      <td>-0.011702</td>\n",
       "      <td>0.002278</td>\n",
       "      <td>0.038103</td>\n",
       "    </tr>\n",
       "    <tr>\n",
       "      <th>budget</th>\n",
       "      <td>0.097531</td>\n",
       "      <td>0.059626</td>\n",
       "      <td>-0.001278</td>\n",
       "      <td>-0.285296</td>\n",
       "      <td>-0.197965</td>\n",
       "      <td>0.026384</td>\n",
       "      <td>0.233329</td>\n",
       "      <td>-0.040317</td>\n",
       "      <td>1.000000</td>\n",
       "      <td>0.245678</td>\n",
       "      <td>-0.095490</td>\n",
       "      <td>0.377543</td>\n",
       "      <td>0.336131</td>\n",
       "      <td>1.000000</td>\n",
       "      <td>0.245678</td>\n",
       "      <td>-0.095490</td>\n",
       "      <td>0.377543</td>\n",
       "      <td>0.336131</td>\n",
       "      <td>-0.067468</td>\n",
       "      <td>-0.139417</td>\n",
       "    </tr>\n",
       "    <tr>\n",
       "      <th>runtime</th>\n",
       "      <td>0.005454</td>\n",
       "      <td>-0.056416</td>\n",
       "      <td>0.065080</td>\n",
       "      <td>0.030601</td>\n",
       "      <td>0.188227</td>\n",
       "      <td>0.054634</td>\n",
       "      <td>-0.021891</td>\n",
       "      <td>-0.002660</td>\n",
       "      <td>0.245678</td>\n",
       "      <td>1.000000</td>\n",
       "      <td>0.392081</td>\n",
       "      <td>0.201551</td>\n",
       "      <td>0.110656</td>\n",
       "      <td>0.245678</td>\n",
       "      <td>1.000000</td>\n",
       "      <td>0.392081</td>\n",
       "      <td>0.201551</td>\n",
       "      <td>0.110656</td>\n",
       "      <td>-0.032826</td>\n",
       "      <td>-0.042485</td>\n",
       "    </tr>\n",
       "    <tr>\n",
       "      <th>score</th>\n",
       "      <td>-0.015315</td>\n",
       "      <td>-0.085744</td>\n",
       "      <td>0.075730</td>\n",
       "      <td>0.095737</td>\n",
       "      <td>0.127476</td>\n",
       "      <td>0.043207</td>\n",
       "      <td>0.017631</td>\n",
       "      <td>0.034381</td>\n",
       "      <td>-0.095490</td>\n",
       "      <td>0.392081</td>\n",
       "      <td>1.000000</td>\n",
       "      <td>0.430192</td>\n",
       "      <td>0.213426</td>\n",
       "      <td>-0.095490</td>\n",
       "      <td>0.392081</td>\n",
       "      <td>1.000000</td>\n",
       "      <td>0.430192</td>\n",
       "      <td>0.213426</td>\n",
       "      <td>0.137253</td>\n",
       "      <td>0.147756</td>\n",
       "    </tr>\n",
       "    <tr>\n",
       "      <th>votes</th>\n",
       "      <td>0.019071</td>\n",
       "      <td>0.008901</td>\n",
       "      <td>0.063488</td>\n",
       "      <td>-0.104413</td>\n",
       "      <td>0.073216</td>\n",
       "      <td>0.019481</td>\n",
       "      <td>0.299654</td>\n",
       "      <td>0.008656</td>\n",
       "      <td>0.377543</td>\n",
       "      <td>0.201551</td>\n",
       "      <td>0.430192</td>\n",
       "      <td>1.000000</td>\n",
       "      <td>0.499493</td>\n",
       "      <td>0.377543</td>\n",
       "      <td>0.201551</td>\n",
       "      <td>0.430192</td>\n",
       "      <td>1.000000</td>\n",
       "      <td>0.499493</td>\n",
       "      <td>0.286978</td>\n",
       "      <td>0.268620</td>\n",
       "    </tr>\n",
       "    <tr>\n",
       "      <th>popularity</th>\n",
       "      <td>0.049744</td>\n",
       "      <td>0.007047</td>\n",
       "      <td>0.038147</td>\n",
       "      <td>-0.142618</td>\n",
       "      <td>-0.045281</td>\n",
       "      <td>0.000969</td>\n",
       "      <td>0.200500</td>\n",
       "      <td>-0.011702</td>\n",
       "      <td>0.336131</td>\n",
       "      <td>0.110656</td>\n",
       "      <td>0.213426</td>\n",
       "      <td>0.499493</td>\n",
       "      <td>1.000000</td>\n",
       "      <td>0.336131</td>\n",
       "      <td>0.110656</td>\n",
       "      <td>0.213426</td>\n",
       "      <td>0.499493</td>\n",
       "      <td>1.000000</td>\n",
       "      <td>0.182108</td>\n",
       "      <td>0.175987</td>\n",
       "    </tr>\n",
       "    <tr>\n",
       "      <th>budget_norm</th>\n",
       "      <td>0.097531</td>\n",
       "      <td>0.059626</td>\n",
       "      <td>-0.001278</td>\n",
       "      <td>-0.285296</td>\n",
       "      <td>-0.197965</td>\n",
       "      <td>0.026384</td>\n",
       "      <td>0.233329</td>\n",
       "      <td>-0.040317</td>\n",
       "      <td>1.000000</td>\n",
       "      <td>0.245678</td>\n",
       "      <td>-0.095490</td>\n",
       "      <td>0.377543</td>\n",
       "      <td>0.336131</td>\n",
       "      <td>1.000000</td>\n",
       "      <td>0.245678</td>\n",
       "      <td>-0.095490</td>\n",
       "      <td>0.377543</td>\n",
       "      <td>0.336131</td>\n",
       "      <td>-0.067468</td>\n",
       "      <td>-0.139417</td>\n",
       "    </tr>\n",
       "    <tr>\n",
       "      <th>runtime_norm</th>\n",
       "      <td>0.005454</td>\n",
       "      <td>-0.056416</td>\n",
       "      <td>0.065080</td>\n",
       "      <td>0.030601</td>\n",
       "      <td>0.188227</td>\n",
       "      <td>0.054634</td>\n",
       "      <td>-0.021891</td>\n",
       "      <td>-0.002660</td>\n",
       "      <td>0.245678</td>\n",
       "      <td>1.000000</td>\n",
       "      <td>0.392081</td>\n",
       "      <td>0.201551</td>\n",
       "      <td>0.110656</td>\n",
       "      <td>0.245678</td>\n",
       "      <td>1.000000</td>\n",
       "      <td>0.392081</td>\n",
       "      <td>0.201551</td>\n",
       "      <td>0.110656</td>\n",
       "      <td>-0.032826</td>\n",
       "      <td>-0.042485</td>\n",
       "    </tr>\n",
       "    <tr>\n",
       "      <th>score_norm</th>\n",
       "      <td>-0.015315</td>\n",
       "      <td>-0.085744</td>\n",
       "      <td>0.075730</td>\n",
       "      <td>0.095737</td>\n",
       "      <td>0.127476</td>\n",
       "      <td>0.043207</td>\n",
       "      <td>0.017631</td>\n",
       "      <td>0.034381</td>\n",
       "      <td>-0.095490</td>\n",
       "      <td>0.392081</td>\n",
       "      <td>1.000000</td>\n",
       "      <td>0.430192</td>\n",
       "      <td>0.213426</td>\n",
       "      <td>-0.095490</td>\n",
       "      <td>0.392081</td>\n",
       "      <td>1.000000</td>\n",
       "      <td>0.430192</td>\n",
       "      <td>0.213426</td>\n",
       "      <td>0.137253</td>\n",
       "      <td>0.147756</td>\n",
       "    </tr>\n",
       "    <tr>\n",
       "      <th>votes_norm</th>\n",
       "      <td>0.019071</td>\n",
       "      <td>0.008901</td>\n",
       "      <td>0.063488</td>\n",
       "      <td>-0.104413</td>\n",
       "      <td>0.073216</td>\n",
       "      <td>0.019481</td>\n",
       "      <td>0.299654</td>\n",
       "      <td>0.008656</td>\n",
       "      <td>0.377543</td>\n",
       "      <td>0.201551</td>\n",
       "      <td>0.430192</td>\n",
       "      <td>1.000000</td>\n",
       "      <td>0.499493</td>\n",
       "      <td>0.377543</td>\n",
       "      <td>0.201551</td>\n",
       "      <td>0.430192</td>\n",
       "      <td>1.000000</td>\n",
       "      <td>0.499493</td>\n",
       "      <td>0.286978</td>\n",
       "      <td>0.268620</td>\n",
       "    </tr>\n",
       "    <tr>\n",
       "      <th>popularity_norm</th>\n",
       "      <td>0.049744</td>\n",
       "      <td>0.007047</td>\n",
       "      <td>0.038147</td>\n",
       "      <td>-0.142618</td>\n",
       "      <td>-0.045281</td>\n",
       "      <td>0.000969</td>\n",
       "      <td>0.200500</td>\n",
       "      <td>-0.011702</td>\n",
       "      <td>0.336131</td>\n",
       "      <td>0.110656</td>\n",
       "      <td>0.213426</td>\n",
       "      <td>0.499493</td>\n",
       "      <td>1.000000</td>\n",
       "      <td>0.336131</td>\n",
       "      <td>0.110656</td>\n",
       "      <td>0.213426</td>\n",
       "      <td>0.499493</td>\n",
       "      <td>1.000000</td>\n",
       "      <td>0.182108</td>\n",
       "      <td>0.175987</td>\n",
       "    </tr>\n",
       "    <tr>\n",
       "      <th>isprofit</th>\n",
       "      <td>0.022694</td>\n",
       "      <td>0.129073</td>\n",
       "      <td>-0.018902</td>\n",
       "      <td>0.029489</td>\n",
       "      <td>-0.080832</td>\n",
       "      <td>-0.016117</td>\n",
       "      <td>-0.065895</td>\n",
       "      <td>0.002278</td>\n",
       "      <td>-0.067468</td>\n",
       "      <td>-0.032826</td>\n",
       "      <td>0.137253</td>\n",
       "      <td>0.286978</td>\n",
       "      <td>0.182108</td>\n",
       "      <td>-0.067468</td>\n",
       "      <td>-0.032826</td>\n",
       "      <td>0.137253</td>\n",
       "      <td>0.286978</td>\n",
       "      <td>0.182108</td>\n",
       "      <td>1.000000</td>\n",
       "      <td>0.771496</td>\n",
       "    </tr>\n",
       "    <tr>\n",
       "      <th>profitability_ratio</th>\n",
       "      <td>0.018585</td>\n",
       "      <td>0.156783</td>\n",
       "      <td>0.013691</td>\n",
       "      <td>0.047263</td>\n",
       "      <td>-0.091355</td>\n",
       "      <td>-0.014121</td>\n",
       "      <td>-0.133509</td>\n",
       "      <td>0.038103</td>\n",
       "      <td>-0.139417</td>\n",
       "      <td>-0.042485</td>\n",
       "      <td>0.147756</td>\n",
       "      <td>0.268620</td>\n",
       "      <td>0.175987</td>\n",
       "      <td>-0.139417</td>\n",
       "      <td>-0.042485</td>\n",
       "      <td>0.147756</td>\n",
       "      <td>0.268620</td>\n",
       "      <td>0.175987</td>\n",
       "      <td>0.771496</td>\n",
       "      <td>1.000000</td>\n",
       "    </tr>\n",
       "  </tbody>\n",
       "</table>\n",
       "</div>"
      ],
      "text/plain": [
       "                      company   country  director     genre    rating  \\\n",
       "company              1.000000 -0.017782  0.002874 -0.073149 -0.101551   \n",
       "country             -0.017782  1.000000  0.018204 -0.002472  0.026836   \n",
       "director             0.002874  0.018204  1.000000  0.070478  0.014242   \n",
       "genre               -0.073149 -0.002472  0.070478  1.000000  0.145487   \n",
       "rating              -0.101551  0.026836  0.014242  0.145487  1.000000   \n",
       "star                 0.023274 -0.045394  0.057815  0.012269  0.012840   \n",
       "year                -0.024054 -0.077195 -0.004846  0.019018 -0.041962   \n",
       "writer               0.012118 -0.018488  0.126109  0.007385 -0.004130   \n",
       "budget               0.097531  0.059626 -0.001278 -0.285296 -0.197965   \n",
       "runtime              0.005454 -0.056416  0.065080  0.030601  0.188227   \n",
       "score               -0.015315 -0.085744  0.075730  0.095737  0.127476   \n",
       "votes                0.019071  0.008901  0.063488 -0.104413  0.073216   \n",
       "popularity           0.049744  0.007047  0.038147 -0.142618 -0.045281   \n",
       "budget_norm          0.097531  0.059626 -0.001278 -0.285296 -0.197965   \n",
       "runtime_norm         0.005454 -0.056416  0.065080  0.030601  0.188227   \n",
       "score_norm          -0.015315 -0.085744  0.075730  0.095737  0.127476   \n",
       "votes_norm           0.019071  0.008901  0.063488 -0.104413  0.073216   \n",
       "popularity_norm      0.049744  0.007047  0.038147 -0.142618 -0.045281   \n",
       "isprofit             0.022694  0.129073 -0.018902  0.029489 -0.080832   \n",
       "profitability_ratio  0.018585  0.156783  0.013691  0.047263 -0.091355   \n",
       "\n",
       "                         star      year    writer    budget   runtime  \\\n",
       "company              0.023274 -0.024054  0.012118  0.097531  0.005454   \n",
       "country             -0.045394 -0.077195 -0.018488  0.059626 -0.056416   \n",
       "director             0.057815 -0.004846  0.126109 -0.001278  0.065080   \n",
       "genre                0.012269  0.019018  0.007385 -0.285296  0.030601   \n",
       "rating               0.012840 -0.041962 -0.004130 -0.197965  0.188227   \n",
       "star                 1.000000 -0.011091 -0.000693  0.026384  0.054634   \n",
       "year                -0.011091  1.000000 -0.012606  0.233329 -0.021891   \n",
       "writer              -0.000693 -0.012606  1.000000 -0.040317 -0.002660   \n",
       "budget               0.026384  0.233329 -0.040317  1.000000  0.245678   \n",
       "runtime              0.054634 -0.021891 -0.002660  0.245678  1.000000   \n",
       "score                0.043207  0.017631  0.034381 -0.095490  0.392081   \n",
       "votes                0.019481  0.299654  0.008656  0.377543  0.201551   \n",
       "popularity           0.000969  0.200500 -0.011702  0.336131  0.110656   \n",
       "budget_norm          0.026384  0.233329 -0.040317  1.000000  0.245678   \n",
       "runtime_norm         0.054634 -0.021891 -0.002660  0.245678  1.000000   \n",
       "score_norm           0.043207  0.017631  0.034381 -0.095490  0.392081   \n",
       "votes_norm           0.019481  0.299654  0.008656  0.377543  0.201551   \n",
       "popularity_norm      0.000969  0.200500 -0.011702  0.336131  0.110656   \n",
       "isprofit            -0.016117 -0.065895  0.002278 -0.067468 -0.032826   \n",
       "profitability_ratio -0.014121 -0.133509  0.038103 -0.139417 -0.042485   \n",
       "\n",
       "                        score     votes  popularity  budget_norm  \\\n",
       "company             -0.015315  0.019071    0.049744     0.097531   \n",
       "country             -0.085744  0.008901    0.007047     0.059626   \n",
       "director             0.075730  0.063488    0.038147    -0.001278   \n",
       "genre                0.095737 -0.104413   -0.142618    -0.285296   \n",
       "rating               0.127476  0.073216   -0.045281    -0.197965   \n",
       "star                 0.043207  0.019481    0.000969     0.026384   \n",
       "year                 0.017631  0.299654    0.200500     0.233329   \n",
       "writer               0.034381  0.008656   -0.011702    -0.040317   \n",
       "budget              -0.095490  0.377543    0.336131     1.000000   \n",
       "runtime              0.392081  0.201551    0.110656     0.245678   \n",
       "score                1.000000  0.430192    0.213426    -0.095490   \n",
       "votes                0.430192  1.000000    0.499493     0.377543   \n",
       "popularity           0.213426  0.499493    1.000000     0.336131   \n",
       "budget_norm         -0.095490  0.377543    0.336131     1.000000   \n",
       "runtime_norm         0.392081  0.201551    0.110656     0.245678   \n",
       "score_norm           1.000000  0.430192    0.213426    -0.095490   \n",
       "votes_norm           0.430192  1.000000    0.499493     0.377543   \n",
       "popularity_norm      0.213426  0.499493    1.000000     0.336131   \n",
       "isprofit             0.137253  0.286978    0.182108    -0.067468   \n",
       "profitability_ratio  0.147756  0.268620    0.175987    -0.139417   \n",
       "\n",
       "                     runtime_norm  score_norm  votes_norm  popularity_norm  \\\n",
       "company                  0.005454   -0.015315    0.019071         0.049744   \n",
       "country                 -0.056416   -0.085744    0.008901         0.007047   \n",
       "director                 0.065080    0.075730    0.063488         0.038147   \n",
       "genre                    0.030601    0.095737   -0.104413        -0.142618   \n",
       "rating                   0.188227    0.127476    0.073216        -0.045281   \n",
       "star                     0.054634    0.043207    0.019481         0.000969   \n",
       "year                    -0.021891    0.017631    0.299654         0.200500   \n",
       "writer                  -0.002660    0.034381    0.008656        -0.011702   \n",
       "budget                   0.245678   -0.095490    0.377543         0.336131   \n",
       "runtime                  1.000000    0.392081    0.201551         0.110656   \n",
       "score                    0.392081    1.000000    0.430192         0.213426   \n",
       "votes                    0.201551    0.430192    1.000000         0.499493   \n",
       "popularity               0.110656    0.213426    0.499493         1.000000   \n",
       "budget_norm              0.245678   -0.095490    0.377543         0.336131   \n",
       "runtime_norm             1.000000    0.392081    0.201551         0.110656   \n",
       "score_norm               0.392081    1.000000    0.430192         0.213426   \n",
       "votes_norm               0.201551    0.430192    1.000000         0.499493   \n",
       "popularity_norm          0.110656    0.213426    0.499493         1.000000   \n",
       "isprofit                -0.032826    0.137253    0.286978         0.182108   \n",
       "profitability_ratio     -0.042485    0.147756    0.268620         0.175987   \n",
       "\n",
       "                     isprofit  profitability_ratio  \n",
       "company              0.022694             0.018585  \n",
       "country              0.129073             0.156783  \n",
       "director            -0.018902             0.013691  \n",
       "genre                0.029489             0.047263  \n",
       "rating              -0.080832            -0.091355  \n",
       "star                -0.016117            -0.014121  \n",
       "year                -0.065895            -0.133509  \n",
       "writer               0.002278             0.038103  \n",
       "budget              -0.067468            -0.139417  \n",
       "runtime             -0.032826            -0.042485  \n",
       "score                0.137253             0.147756  \n",
       "votes                0.286978             0.268620  \n",
       "popularity           0.182108             0.175987  \n",
       "budget_norm         -0.067468            -0.139417  \n",
       "runtime_norm        -0.032826            -0.042485  \n",
       "score_norm           0.137253             0.147756  \n",
       "votes_norm           0.286978             0.268620  \n",
       "popularity_norm      0.182108             0.175987  \n",
       "isprofit             1.000000             0.771496  \n",
       "profitability_ratio  0.771496             1.000000  "
      ]
     },
     "execution_count": 6,
     "metadata": {},
     "output_type": "execute_result"
    }
   ],
   "source": [
    "corr_df"
   ]
  },
  {
   "cell_type": "markdown",
   "metadata": {},
   "source": [
    "## 1.4. Heat-Map of correlation Matrix <a class=\"anchor\" id=\"14\"></a>"
   ]
  },
  {
   "cell_type": "code",
   "execution_count": 7,
   "metadata": {},
   "outputs": [
    {
     "data": {
